0.001593 
0.001594 
0.001595 
0.001597 
0.001600 
0.001604 
0.001608 
0.001613 
0.001618 
0.001625 
0.001632 
0.001639 
0.001648 
0.001657 
0.001666 
0.001677 
0.001688 
0.001700 
0.001712 
0.001726 
0.001739 
0.001754 
0.001769 
0.001785 
0.001802 
0.001820 
0.001838 
0.001857 
0.001876 
0.001896 
0.001917 
0.001939 
0.001961 
0.001984 
0.002008 
0.002032 
0.002057 
0.002083 
0.002110 
0.002137 
0.002165 
0.002193 
0.002222 
0.002252 
0.002283 
0.002315 
0.002347 
0.002379 
0.002413 
0.002447 
0.002482 
0.002517 
0.002554 
0.002591 
0.002628 
0.002667 
0.002706 
0.002746 
0.002786 
0.002827 
0.002869 
0.002912 
0.002955 
0.002999 
0.003043 
0.003089 
0.003135 
0.003182 
0.003229 
0.003277 
0.003326 
0.003376 
0.003426 
0.003477 
0.003528 
0.003581 
0.003634 
0.003688 
0.003742 
0.003797 
0.003853 
0.003909 
0.003967 
0.004025 
0.004083 
0.004143 
0.004203 
0.004263 
0.004325 
0.004387 
0.004450 
0.004513 
0.004577 
0.004642 
0.004708 
0.004774 
0.004841 
0.004909 
0.004977 
0.005046 
0.005116 
0.005186 
0.005258 
0.005329 
0.005402 
0.005475 
0.005549 
0.005624 
0.005699 
0.005775 
0.005852 
0.005929 
0.006007 
0.006086 
0.006165 
0.006245 
0.006326 
0.006408 
0.006490 
0.006573 
0.006656 
0.006740 
0.006825 
0.006911 
0.006997 
0.007084 
0.007172 
0.007260 
0.007349 
0.007439 
0.007529 
0.007620 
0.007712 
0.007804 
0.007897 
0.007991 
0.008085 
0.008180 
0.008276 
0.008372 
0.008469 
0.008567 
0.008665 
0.008764 
0.008864 
0.008964 
0.009065 
0.009167 
0.009269 
0.009372 
0.009476 
0.009580 
0.009685 
0.009790 
0.009897 
0.010003 
0.010111 
0.010219 
0.010328 
0.010437 
0.010547 
0.010658 
0.010769 
0.010881 
0.010994 
0.011107 
0.011221 
0.011335 
0.011450 
0.011566 
0.011682 
0.011799 
0.011916 
0.012034 
0.012153 
0.012272 
0.012392 
0.012513 
0.012634 
0.012756 
0.012878 
0.013001 
0.013124 
0.013248 
0.013373 
0.013498 
0.013624 
0.013751 
0.013877 
0.014005 
0.014133 
0.014262 
0.014391 
0.014521 
0.014651 
0.014782 
0.014913 
0.015045 
0.015178 
0.015311 
0.015444 
0.015578 
0.015713 
0.015848 
0.015984 
0.016120 
0.016257 
0.016394 
0.016532 
0.016670 
0.016808 
0.016948 
0.017087 
0.017228 
0.017368 
0.017509 
0.017651 
0.017793 
0.017936 
0.018079 
0.018222 
0.018366 
0.018511 
0.018655 
0.018801 
0.018946 
0.019093 
0.019239 
0.019386 
0.019534 
0.019681 
0.019830 
0.019978 
0.020127 
0.020277 
0.020427 
0.020577 
0.020727 
0.020878 
0.021030 
0.021182 
0.021334 
0.021486 
0.021639 
0.021792 
0.021945 
0.022099 
0.022253 
0.022408 
0.022563 
0.022718 
0.022873 
0.023029 
0.023185 
0.023341 
0.023498 
0.023655 
0.023812 
0.023969 
0.024127 
0.024285 
0.024443 
0.024602 
0.024760 
0.024919 
0.025078 
0.025238 
0.025397 
0.025557 
0.025717 
0.025877 
0.026038 
0.026198 
0.026359 
0.026520 
0.026681 
0.026842 
0.027003 
0.027165 
0.027327 
0.027488 
0.027650 
0.027812 
0.027974 
0.028137 
0.028299 
0.028461 
0.028624 
0.028786 
0.028949 
0.029112 
0.029275 
0.029437 
0.029600 
0.029763 
0.029926 
0.030089 
0.030252 
0.030415 
0.030578 
0.030741 
0.030904 
0.031067 
0.031229 
0.031392 
0.031555 
0.031718 
0.031880 
0.032043 
0.032206 
0.032368 
0.032530 
0.032693 
0.032855 
0.033017 
0.033179 
0.033340 
0.033502 
0.033664 
0.033825 
0.033986 
0.034147 
0.034308 
0.034469 
0.034629 
0.034789 
0.034949 
0.035109 
0.035269 
0.035428 
0.035587 
0.035746 
0.035905 
0.036063 
0.036221 
0.036379 
0.036536 
0.036694 
0.036851 
0.037007 
0.037163 
0.037319 
0.037475 
0.037630 
0.037785 
0.037940 
0.038094 
0.038248 
0.038401 
0.038554 
0.038707 
0.038859 
0.039011 
0.039162 
0.039313 
0.039464 
0.039614 
0.039763 
0.039912 
0.040061 
0.040209 
0.040357 
0.040504 
0.040651 
0.040797 
0.040943 
0.041088 
0.041232 
0.041376 
0.041520 
0.041663 
0.041805 
0.041947 
0.042088 
0.042228 
0.042368 
0.042508 
0.042646 
0.042785 
0.042922 
0.043059 
0.043195 
0.043331 
0.043465 
0.043600 
0.043733 
0.043866 
0.043998 
0.044129 
0.044260 
0.044390 
0.044519 
0.044648 
0.044776 
0.044903 
0.045029 
0.045155 
0.045279 
0.045403 
0.045527 
0.045649 
0.045771 
0.045891 
0.046011 
0.046130 
0.046249 
0.046366 
0.046483 
0.046599 
0.046714 
0.046828 
0.046941 
0.047053 
0.047165 
0.047275 
0.047385 
0.047494 
0.047602 
0.047708 
0.047814 
0.047920 
0.048024 
0.048127 
0.048229 
0.048330 
0.048431 
0.048530 
0.048628 
0.048726 
0.048822 
0.048918 
0.049012 
0.049106 
0.049198 
0.049289 
0.049380 
0.049469 
0.049557 
0.049645 
0.049731 
0.049816 
0.049900 
0.049983 
0.050065 
0.050146 
0.050226 
0.050305 
0.050383 
0.050459 
0.050535 
0.050609 
0.050683 
0.050755 
0.050826 
0.050896 
0.050965 
0.051033 
0.051099 
0.051165 
0.051229 
0.051292 
0.051354 
0.051415 
0.051475 
0.051534 
0.051591 
0.051647 
0.051702 
0.051756 
0.051809 
0.051861 
0.051911 
0.051960 
0.052008 
0.052055 
0.052101 
0.052145 
0.052188 
0.052230 
0.052271 
0.052311 
0.052349 
0.052386 
0.052422 
0.052457 
0.052490 
0.052523 
0.052554 
0.052584 
0.052612 
0.052640 
0.052666 
0.052691 
0.052714 
0.052737 
0.052758 
0.052778 
0.052797 
0.052814 
0.052831 
0.052846 
0.052859 
0.052872 
0.052883 
0.052893 
0.052902 
0.052909 
0.052916 
0.052921 
0.052924 
0.052927 
0.052928 
0.052928 
0.052927 
0.052924 
0.052921 
0.052916 
0.052909 
0.052902 
0.052893 
0.052883 
0.052872 
0.052859 
0.052846 
0.052831 
0.052814 
0.052797 
0.052778 
0.052758 
0.052737 
0.052714 
0.052691 
0.052666 
0.052640 
0.052612 
0.052584 
0.052554 
0.052523 
0.052490 
0.052457 
0.052422 
0.052386 
0.052349 
0.052311 
0.052271 
0.052230 
0.052188 
0.052145 
0.052101 
0.052055 
0.052008 
0.051960 
0.051911 
0.051861 
0.051809 
0.051756 
0.051702 
0.051647 
0.051591 
0.051534 
0.051475 
0.051415 
0.051354 
0.051292 
0.051229 
0.051165 
0.051099 
0.051033 
0.050965 
0.050896 
0.050826 
0.050755 
0.050683 
0.050609 
0.050535 
0.050459 
0.050383 
0.050305 
0.050226 
0.050146 
0.050065 
0.049983 
0.049900 
0.049816 
0.049731 
0.049645 
0.049557 
0.049469 
0.049380 
0.049289 
0.049198 
0.049106 
0.049012 
0.048918 
0.048822 
0.048726 
0.048628 
0.048530 
0.048431 
0.048330 
0.048229 
0.048127 
0.048024 
0.047920 
0.047814 
0.047708 
0.047602 
0.047494 
0.047385 
0.047275 
0.047165 
0.047053 
0.046941 
0.046828 
0.046714 
0.046599 
0.046483 
0.046366 
0.046249 
0.046130 
0.046011 
0.045891 
0.045771 
0.045649 
0.045527 
0.045403 
0.045279 
0.045155 
0.045029 
0.044903 
0.044776 
0.044648 
0.044519 
0.044390 
0.044260 
0.044129 
0.043998 
0.043866 
0.043733 
0.043600 
0.043465 
0.043331 
0.043195 
0.043059 
0.042922 
0.042785 
0.042646 
0.042508 
0.042368 
0.042228 
0.042088 
0.041947 
0.041805 
0.041663 
0.041520 
0.041376 
0.041232 
0.041088 
0.040943 
0.040797 
0.040651 
0.040504 
0.040357 
0.040209 
0.040061 
0.039912 
0.039763 
0.039614 
0.039464 
0.039313 
0.039162 
0.039011 
0.038859 
0.038707 
0.038554 
0.038401 
0.038248 
0.038094 
0.037940 
0.037785 
0.037630 
0.037475 
0.037319 
0.037163 
0.037007 
0.036851 
0.036694 
0.036536 
0.036379 
0.036221 
0.036063 
0.035905 
0.035746 
0.035587 
0.035428 
0.035269 
0.035109 
0.034949 
0.034789 
0.034629 
0.034469 
0.034308 
0.034147 
0.033986 
0.033825 
0.033664 
0.033502 
0.033340 
0.033179 
0.033017 
0.032855 
0.032693 
0.032530 
0.032368 
0.032206 
0.032043 
0.031880 
0.031718 
0.031555 
0.031392 
0.031229 
0.031067 
0.030904 
0.030741 
0.030578 
0.030415 
0.030252 
0.030089 
0.029926 
0.029763 
0.029600 
0.029437 
0.029275 
0.029112 
0.028949 
0.028786 
0.028624 
0.028461 
0.028299 
0.028137 
0.027974 
0.027812 
0.027650 
0.027488 
0.027327 
0.027165 
0.027003 
0.026842 
0.026681 
0.026520 
0.026359 
0.026198 
0.026038 
0.025877 
0.025717 
0.025557 
0.025397 
0.025238 
0.025078 
0.024919 
0.024760 
0.024602 
0.024443 
0.024285 
0.024127 
0.023969 
0.023812 
0.023655 
0.023498 
0.023341 
0.023185 
0.023029 
0.022873 
0.022718 
0.022563 
0.022408 
0.022253 
0.022099 
0.021945 
0.021792 
0.021639 
0.021486 
0.021334 
0.021182 
0.021030 
0.020878 
0.020727 
0.020577 
0.020427 
0.020277 
0.020127 
0.019978 
0.019830 
0.019681 
0.019534 
0.019386 
0.019239 
0.019093 
0.018946 
0.018801 
0.018655 
0.018511 
0.018366 
0.018222 
0.018079 
0.017936 
0.017793 
0.017651 
0.017509 
0.017368 
0.017228 
0.017087 
0.016948 
0.016808 
0.016670 
0.016532 
0.016394 
0.016257 
0.016120 
0.015984 
0.015848 
0.015713 
0.015578 
0.015444 
0.015311 
0.015178 
0.015045 
0.014913 
0.014782 
0.014651 
0.014521 
0.014391 
0.014262 
0.014133 
0.014005 
0.013877 
0.013751 
0.013624 
0.013498 
0.013373 
0.013248 
0.013124 
0.013001 
0.012878 
0.012756 
0.012634 
0.012513 
0.012392 
0.012272 
0.012153 
0.012034 
0.011916 
0.011799 
0.011682 
0.011566 
0.011450 
0.011335 
0.011221 
0.011107 
0.010994 
0.010881 
0.010769 
0.010658 
0.010547 
0.010437 
0.010328 
0.010219 
0.010111 
0.010003 
0.009897 
0.009790 
0.009685 
0.009580 
0.009476 
0.009372 
0.009269 
0.009167 
0.009065 
0.008964 
0.008864 
0.008764 
0.008665 
0.008567 
0.008469 
0.008372 
0.008276 
0.008180 
0.008085 
0.007991 
0.007897 
0.007804 
0.007712 
0.007620 
0.007529 
0.007439 
0.007349 
0.007260 
0.007172 
0.007084 
0.006997 
0.006911 
0.006825 
0.006740 
0.006656 
0.006573 
0.006490 
0.006408 
0.006326 
0.006245 
0.006165 
0.006086 
0.006007 
0.005929 
0.005852 
0.005775 
0.005699 
0.005624 
0.005549 
0.005475 
0.005402 
0.005329 
0.005258 
0.005186 
0.005116 
0.005046 
0.004977 
0.004909 
0.004841 
0.004774 
0.004708 
0.004642 
0.004577 
0.004513 
0.004450 
0.004387 
0.004325 
0.004263 
0.004203 
0.004143 
0.004083 
0.004025 
0.003967 
0.003909 
0.003853 
0.003797 
0.003742 
0.003688 
0.003634 
0.003581 
0.003528 
0.003477 
0.003426 
0.003376 
0.003326 
0.003277 
0.003229 
0.003182 
0.003135 
0.003089 
0.003043 
0.002999 
0.002955 
0.002912 
0.002869 
0.002827 
0.002786 
0.002746 
0.002706 
0.002667 
0.002628 
0.002591 
0.002554 
0.002517 
0.002482 
0.002447 
0.002413 
0.002379 
0.002347 
0.002315 
0.002283 
0.002252 
0.002222 
0.002193 
0.002165 
0.002137 
0.002110 
0.002083 
0.002057 
0.002032 
0.002008 
0.001984 
0.001961 
0.001939 
0.001917 
0.001896 
0.001876 
0.001857 
0.001838 
0.001820 
0.001802 
0.001785 
0.001769 
0.001754 
0.001739 
0.001726 
0.001712 
0.001700 
0.001688 
0.001677 
0.001666 
0.001657 
0.001648 
0.001639 
0.001632 
0.001625 
0.001618 
0.001613 
0.001608 
0.001604 
0.001600 
0.001597 
0.001595 
0.001594 
0.001593 
