0.006400 
0.006543 
0.006827 
0.007253 
0.007820 
0.008527 
0.009374 
0.010358 
0.011479 
0.012735 
0.014123 
0.015643 
0.017291 
0.019065 
0.020963 
0.022982 
0.025118 
0.027369 
0.029730 
0.032198 
0.034769 
0.037438 
0.040202 
0.043055 
0.045992 
0.049009 
0.052099 
0.055257 
0.058476 
0.061751 
0.065074 
0.068438 
0.071836 
0.075261 
0.078704 
0.082158 
0.085613 
0.089061 
0.092494 
0.095902 
0.099275 
0.102605 
0.105881 
0.109095 
0.112235 
0.115293 
0.118259 
0.121123 
0.123875 
0.126508 
0.129010 
0.131375 
0.133593 
0.135656 
0.137557 
0.139289 
0.140846 
0.142222 
0.143411 
0.144408 
0.145211 
0.145816 
0.146221 
0.146424 
0.146424 
0.146221 
0.145816 
0.145211 
0.144408 
0.143411 
0.142222 
0.140846 
0.139289 
0.137557 
0.135656 
0.133593 
0.131375 
0.129010 
0.126508 
0.123875 
0.121123 
0.118259 
0.115293 
0.112235 
0.109095 
0.105881 
0.102605 
0.099275 
0.095902 
0.092494 
0.089061 
0.085613 
0.082158 
0.078704 
0.075261 
0.071836 
0.068438 
0.065074 
0.061751 
0.058476 
0.055257 
0.052099 
0.049009 
0.045992 
0.043055 
0.040202 
0.037438 
0.034769 
0.032198 
0.029730 
0.027369 
0.025118 
0.022982 
0.020963 
0.019065 
0.017291 
0.015643 
0.014123 
0.012735 
0.011479 
0.010358 
0.009374 
0.008527 
0.007820 
0.007253 
0.006827 
0.006543 
0.006400 
