0.003855 
0.004064 
0.004482 
0.005111 
0.005953 
0.007009 
0.008283 
0.009777 
0.011494 
0.013438 
0.015611 
0.018015 
0.020653 
0.023525 
0.026632 
0.029974 
0.033547 
0.037349 
0.041374 
0.045615 
0.050064 
0.054709 
0.059539 
0.064539 
0.069691 
0.074977 
0.080376 
0.085866 
0.091421 
0.097016 
0.102624 
0.108214 
0.113758 
0.119224 
0.124580 
0.129796 
0.134839 
0.139679 
0.144284 
0.148624 
0.152671 
0.156398 
0.159780 
0.162792 
0.165415 
0.167630 
0.169421 
0.170776 
0.171685 
0.172140 
0.172140 
0.171685 
0.170776 
0.169421 
0.167630 
0.165415 
0.162792 
0.159780 
0.156398 
0.152671 
0.148624 
0.144284 
0.139679 
0.134839 
0.129796 
0.124580 
0.119224 
0.113758 
0.108214 
0.102624 
0.097016 
0.091421 
0.085866 
0.080376 
0.074977 
0.069691 
0.064539 
0.059539 
0.054709 
0.050064 
0.045615 
0.041374 
0.037349 
0.033547 
0.029974 
0.026632 
0.023525 
0.020653 
0.018015 
0.015611 
0.013438 
0.011494 
0.009777 
0.008283 
0.007009 
0.005953 
0.005111 
0.004482 
0.004064 
0.003855 
