0.005801 
0.005802 
0.005804 
0.005807 
0.005811 
0.005815 
0.005821 
0.005828 
0.005835 
0.005844 
0.005853 
0.005863 
0.005875 
0.005887 
0.005900 
0.005914 
0.005929 
0.005945 
0.005962 
0.005980 
0.005999 
0.006018 
0.006039 
0.006061 
0.006083 
0.006107 
0.006131 
0.006156 
0.006182 
0.006209 
0.006237 
0.006266 
0.006296 
0.006327 
0.006359 
0.006391 
0.006425 
0.006459 
0.006494 
0.006530 
0.006567 
0.006605 
0.006644 
0.006684 
0.006724 
0.006766 
0.006808 
0.006851 
0.006895 
0.006940 
0.006986 
0.007033 
0.007080 
0.007129 
0.007178 
0.007228 
0.007279 
0.007331 
0.007384 
0.007437 
0.007491 
0.007546 
0.007602 
0.007659 
0.007717 
0.007775 
0.007834 
0.007894 
0.007955 
0.008017 
0.008079 
0.008142 
0.008206 
0.008271 
0.008336 
0.008403 
0.008470 
0.008538 
0.008606 
0.008676 
0.008746 
0.008817 
0.008888 
0.008960 
0.009033 
0.009107 
0.009182 
0.009257 
0.009333 
0.009410 
0.009487 
0.009565 
0.009644 
0.009723 
0.009803 
0.009884 
0.009966 
0.010048 
0.010131 
0.010214 
0.010298 
0.010383 
0.010468 
0.010554 
0.010641 
0.010728 
0.010816 
0.010905 
0.010994 
0.011084 
0.011174 
0.011265 
0.011357 
0.011449 
0.011542 
0.011635 
0.011729 
0.011824 
0.011919 
0.012015 
0.012111 
0.012208 
0.012305 
0.012403 
0.012501 
0.012600 
0.012699 
0.012799 
0.012899 
0.013000 
0.013102 
0.013204 
0.013306 
0.013409 
0.013512 
0.013616 
0.013720 
0.013825 
0.013930 
0.014036 
0.014142 
0.014249 
0.014356 
0.014463 
0.014571 
0.014679 
0.014788 
0.014897 
0.015006 
0.015116 
0.015226 
0.015337 
0.015448 
0.015559 
0.015671 
0.015783 
0.015896 
0.016009 
0.016122 
0.016235 
0.016349 
0.016463 
0.016578 
0.016693 
0.016808 
0.016924 
0.017039 
0.017155 
0.017272 
0.017389 
0.017506 
0.017623 
0.017740 
0.017858 
0.017976 
0.018095 
0.018213 
0.018332 
0.018451 
0.018570 
0.018690 
0.018810 
0.018930 
0.019050 
0.019170 
0.019291 
0.019412 
0.019533 
0.019654 
0.019776 
0.019898 
0.020019 
0.020141 
0.020264 
0.020386 
0.020509 
0.020631 
0.020754 
0.020877 
0.021000 
0.021124 
0.021247 
0.021371 
0.021494 
0.021618 
0.021742 
0.021866 
0.021990 
0.022115 
0.022239 
0.022363 
0.022488 
0.022613 
0.022737 
0.022862 
0.022987 
0.023112 
0.023237 
0.023362 
0.023487 
0.023613 
0.023738 
0.023863 
0.023989 
0.024114 
0.024240 
0.024365 
0.024491 
0.024616 
0.024742 
0.024867 
0.024993 
0.025118 
0.025244 
0.025369 
0.025495 
0.025621 
0.025746 
0.025872 
0.025997 
0.026123 
0.026248 
0.026374 
0.026499 
0.026624 
0.026750 
0.026875 
0.027000 
0.027125 
0.027251 
0.027376 
0.027501 
0.027626 
0.027750 
0.027875 
0.028000 
0.028125 
0.028249 
0.028374 
0.028498 
0.028622 
0.028746 
0.028871 
0.028995 
0.029118 
0.029242 
0.029366 
0.029489 
0.029613 
0.029736 
0.029859 
0.029982 
0.030105 
0.030228 
0.030350 
0.030473 
0.030595 
0.030717 
0.030839 
0.030961 
0.031083 
0.031204 
0.031325 
0.031447 
0.031568 
0.031688 
0.031809 
0.031929 
0.032050 
0.032170 
0.032290 
0.032409 
0.032529 
0.032648 
0.032767 
0.032886 
0.033004 
0.033123 
0.033241 
0.033359 
0.033477 
0.033594 
0.033711 
0.033828 
0.033945 
0.034062 
0.034178 
0.034294 
0.034410 
0.034525 
0.034641 
0.034756 
0.034870 
0.034985 
0.035099 
0.035213 
0.035327 
0.035440 
0.035553 
0.035666 
0.035778 
0.035891 
0.036003 
0.036114 
0.036225 
0.036336 
0.036447 
0.036557 
0.036667 
0.036777 
0.036887 
0.036996 
0.037104 
0.037213 
0.037321 
0.037429 
0.037536 
0.037643 
0.037750 
0.037856 
0.037962 
0.038068 
0.038173 
0.038278 
0.038382 
0.038486 
0.038590 
0.038693 
0.038796 
0.038899 
0.039001 
0.039103 
0.039204 
0.039305 
0.039406 
0.039506 
0.039606 
0.039705 
0.039804 
0.039903 
0.040001 
0.040099 
0.040196 
0.040293 
0.040389 
0.040485 
0.040580 
0.040676 
0.040770 
0.040864 
0.040958 
0.041051 
0.041144 
0.041236 
0.041328 
0.041419 
0.041510 
0.041601 
0.041691 
0.041780 
0.041869 
0.041957 
0.042045 
0.042133 
0.042219 
0.042306 
0.042392 
0.042477 
0.042562 
0.042646 
0.042730 
0.042813 
0.042896 
0.042978 
0.043060 
0.043141 
0.043222 
0.043302 
0.043381 
0.043460 
0.043539 
0.043617 
0.043694 
0.043770 
0.043847 
0.043922 
0.043997 
0.044071 
0.044145 
0.044218 
0.044291 
0.044363 
0.044435 
0.044505 
0.044576 
0.044645 
0.044714 
0.044783 
0.044850 
0.044918 
0.044984 
0.045050 
0.045115 
0.045180 
0.045244 
0.045308 
0.045370 
0.045432 
0.045494 
0.045555 
0.045615 
0.045674 
0.045733 
0.045792 
0.045849 
0.045906 
0.045962 
0.046018 
0.046073 
0.046127 
0.046180 
0.046233 
0.046285 
0.046337 
0.046388 
0.046438 
0.046487 
0.046536 
0.046584 
0.046631 
0.046678 
0.046724 
0.046769 
0.046814 
0.046858 
0.046901 
0.046943 
0.046985 
0.047026 
0.047066 
0.047105 
0.047144 
0.047182 
0.047219 
0.047256 
0.047292 
0.047327 
0.047361 
0.047395 
0.047428 
0.047460 
0.047492 
0.047522 
0.047552 
0.047581 
0.047610 
0.047637 
0.047664 
0.047691 
0.047716 
0.047741 
0.047765 
0.047788 
0.047810 
0.047832 
0.047853 
0.047873 
0.047892 
0.047911 
0.047928 
0.047946 
0.047962 
0.047977 
0.047992 
0.048006 
0.048019 
0.048032 
0.048043 
0.048054 
0.048064 
0.048074 
0.048082 
0.048090 
0.048097 
0.048103 
0.048109 
0.048113 
0.048117 
0.048120 
0.048123 
0.048124 
0.048125 
0.048125 
0.048124 
0.048123 
0.048120 
0.048117 
0.048113 
0.048109 
0.048103 
0.048097 
0.048090 
0.048082 
0.048074 
0.048064 
0.048054 
0.048043 
0.048032 
0.048019 
0.048006 
0.047992 
0.047977 
0.047962 
0.047946 
0.047928 
0.047911 
0.047892 
0.047873 
0.047853 
0.047832 
0.047810 
0.047788 
0.047765 
0.047741 
0.047716 
0.047691 
0.047664 
0.047637 
0.047610 
0.047581 
0.047552 
0.047522 
0.047492 
0.047460 
0.047428 
0.047395 
0.047361 
0.047327 
0.047292 
0.047256 
0.047219 
0.047182 
0.047144 
0.047105 
0.047066 
0.047026 
0.046985 
0.046943 
0.046901 
0.046858 
0.046814 
0.046769 
0.046724 
0.046678 
0.046631 
0.046584 
0.046536 
0.046487 
0.046438 
0.046388 
0.046337 
0.046285 
0.046233 
0.046180 
0.046127 
0.046073 
0.046018 
0.045962 
0.045906 
0.045849 
0.045792 
0.045733 
0.045674 
0.045615 
0.045555 
0.045494 
0.045432 
0.045370 
0.045308 
0.045244 
0.045180 
0.045115 
0.045050 
0.044984 
0.044918 
0.044850 
0.044783 
0.044714 
0.044645 
0.044576 
0.044505 
0.044435 
0.044363 
0.044291 
0.044218 
0.044145 
0.044071 
0.043997 
0.043922 
0.043847 
0.043770 
0.043694 
0.043617 
0.043539 
0.043460 
0.043381 
0.043302 
0.043222 
0.043141 
0.043060 
0.042978 
0.042896 
0.042813 
0.042730 
0.042646 
0.042562 
0.042477 
0.042392 
0.042306 
0.042219 
0.042133 
0.042045 
0.041957 
0.041869 
0.041780 
0.041691 
0.041601 
0.041510 
0.041419 
0.041328 
0.041236 
0.041144 
0.041051 
0.040958 
0.040864 
0.040770 
0.040676 
0.040580 
0.040485 
0.040389 
0.040293 
0.040196 
0.040099 
0.040001 
0.039903 
0.039804 
0.039705 
0.039606 
0.039506 
0.039406 
0.039305 
0.039204 
0.039103 
0.039001 
0.038899 
0.038796 
0.038693 
0.038590 
0.038486 
0.038382 
0.038278 
0.038173 
0.038068 
0.037962 
0.037856 
0.037750 
0.037643 
0.037536 
0.037429 
0.037321 
0.037213 
0.037104 
0.036996 
0.036887 
0.036777 
0.036667 
0.036557 
0.036447 
0.036336 
0.036225 
0.036114 
0.036003 
0.035891 
0.035778 
0.035666 
0.035553 
0.035440 
0.035327 
0.035213 
0.035099 
0.034985 
0.034870 
0.034756 
0.034641 
0.034525 
0.034410 
0.034294 
0.034178 
0.034062 
0.033945 
0.033828 
0.033711 
0.033594 
0.033477 
0.033359 
0.033241 
0.033123 
0.033004 
0.032886 
0.032767 
0.032648 
0.032529 
0.032409 
0.032290 
0.032170 
0.032050 
0.031929 
0.031809 
0.031688 
0.031568 
0.031447 
0.031325 
0.031204 
0.031083 
0.030961 
0.030839 
0.030717 
0.030595 
0.030473 
0.030350 
0.030228 
0.030105 
0.029982 
0.029859 
0.029736 
0.029613 
0.029489 
0.029366 
0.029242 
0.029118 
0.028995 
0.028871 
0.028746 
0.028622 
0.028498 
0.028374 
0.028249 
0.028125 
0.028000 
0.027875 
0.027750 
0.027626 
0.027501 
0.027376 
0.027251 
0.027125 
0.027000 
0.026875 
0.026750 
0.026624 
0.026499 
0.026374 
0.026248 
0.026123 
0.025997 
0.025872 
0.025746 
0.025621 
0.025495 
0.025369 
0.025244 
0.025118 
0.024993 
0.024867 
0.024742 
0.024616 
0.024491 
0.024365 
0.024240 
0.024114 
0.023989 
0.023863 
0.023738 
0.023613 
0.023487 
0.023362 
0.023237 
0.023112 
0.022987 
0.022862 
0.022737 
0.022613 
0.022488 
0.022363 
0.022239 
0.022115 
0.021990 
0.021866 
0.021742 
0.021618 
0.021494 
0.021371 
0.021247 
0.021124 
0.021000 
0.020877 
0.020754 
0.020631 
0.020509 
0.020386 
0.020264 
0.020141 
0.020019 
0.019898 
0.019776 
0.019654 
0.019533 
0.019412 
0.019291 
0.019170 
0.019050 
0.018930 
0.018810 
0.018690 
0.018570 
0.018451 
0.018332 
0.018213 
0.018095 
0.017976 
0.017858 
0.017740 
0.017623 
0.017506 
0.017389 
0.017272 
0.017155 
0.017039 
0.016924 
0.016808 
0.016693 
0.016578 
0.016463 
0.016349 
0.016235 
0.016122 
0.016009 
0.015896 
0.015783 
0.015671 
0.015559 
0.015448 
0.015337 
0.015226 
0.015116 
0.015006 
0.014897 
0.014788 
0.014679 
0.014571 
0.014463 
0.014356 
0.014249 
0.014142 
0.014036 
0.013930 
0.013825 
0.013720 
0.013616 
0.013512 
0.013409 
0.013306 
0.013204 
0.013102 
0.013000 
0.012899 
0.012799 
0.012699 
0.012600 
0.012501 
0.012403 
0.012305 
0.012208 
0.012111 
0.012015 
0.011919 
0.011824 
0.011729 
0.011635 
0.011542 
0.011449 
0.011357 
0.011265 
0.011174 
0.011084 
0.010994 
0.010905 
0.010816 
0.010728 
0.010641 
0.010554 
0.010468 
0.010383 
0.010298 
0.010214 
0.010131 
0.010048 
0.009966 
0.009884 
0.009803 
0.009723 
0.009644 
0.009565 
0.009487 
0.009410 
0.009333 
0.009257 
0.009182 
0.009107 
0.009033 
0.008960 
0.008888 
0.008817 
0.008746 
0.008676 
0.008606 
0.008538 
0.008470 
0.008403 
0.008336 
0.008271 
0.008206 
0.008142 
0.008079 
0.008017 
0.007955 
0.007894 
0.007834 
0.007775 
0.007717 
0.007659 
0.007602 
0.007546 
0.007491 
0.007437 
0.007384 
0.007331 
0.007279 
0.007228 
0.007178 
0.007129 
0.007080 
0.007033 
0.006986 
0.006940 
0.006895 
0.006851 
0.006808 
0.006766 
0.006724 
0.006684 
0.006644 
0.006605 
0.006567 
0.006530 
0.006494 
0.006459 
0.006425 
0.006391 
0.006359 
0.006327 
0.006296 
0.006266 
0.006237 
0.006209 
0.006182 
0.006156 
0.006131 
0.006107 
0.006083 
0.006061 
0.006039 
0.006018 
0.005999 
0.005980 
0.005962 
0.005945 
0.005929 
0.005914 
0.005900 
0.005887 
0.005875 
0.005863 
0.005853 
0.005844 
0.005835 
0.005828 
0.005821 
0.005815 
0.005811 
0.005807 
0.005804 
0.005802 
0.005801 
