0.009782 
0.009941 
0.010260 
0.010737 
0.011370 
0.012159 
0.013099 
0.014189 
0.015425 
0.016804 
0.018321 
0.019973 
0.021754 
0.023660 
0.025685 
0.027825 
0.030073 
0.032425 
0.034874 
0.037414 
0.040039 
0.042744 
0.045522 
0.048367 
0.051273 
0.054234 
0.057243 
0.060295 
0.063383 
0.066501 
0.069642 
0.072801 
0.075970 
0.079143 
0.082315 
0.085477 
0.088623 
0.091746 
0.094841 
0.097898 
0.100912 
0.103875 
0.106779 
0.109618 
0.112384 
0.115070 
0.117668 
0.120171 
0.122572 
0.124863 
0.127038 
0.129090 
0.131011 
0.132797 
0.134441 
0.135938 
0.137281 
0.138468 
0.139493 
0.140353 
0.141045 
0.141566 
0.141914 
0.142089 
0.142089 
0.141914 
0.141566 
0.141045 
0.140353 
0.139493 
0.138468 
0.137281 
0.135938 
0.134441 
0.132797 
0.131011 
0.129090 
0.127038 
0.124863 
0.122572 
0.120171 
0.117668 
0.115070 
0.112384 
0.109618 
0.106779 
0.103875 
0.100912 
0.097898 
0.094841 
0.091746 
0.088623 
0.085477 
0.082315 
0.079143 
0.075970 
0.072801 
0.069642 
0.066501 
0.063383 
0.060295 
0.057243 
0.054234 
0.051273 
0.048367 
0.045522 
0.042744 
0.040039 
0.037414 
0.034874 
0.032425 
0.030073 
0.027825 
0.025685 
0.023660 
0.021754 
0.019973 
0.018321 
0.016804 
0.015425 
0.014189 
0.013099 
0.012159 
0.011370 
0.010737 
0.010260 
0.009941 
0.009782 
