0.004522 
0.004648 
0.004900 
0.005278 
0.005783 
0.006414 
0.007171 
0.008055 
0.009066 
0.010203 
0.011466 
0.012856 
0.014371 
0.016012 
0.017778 
0.019669 
0.021682 
0.023817 
0.026072 
0.028446 
0.030935 
0.033538 
0.036251 
0.039072 
0.041995 
0.045017 
0.048133 
0.051337 
0.054624 
0.057988 
0.061420 
0.064915 
0.068465 
0.072060 
0.075693 
0.079353 
0.083031 
0.086718 
0.090402 
0.094072 
0.097719 
0.101330 
0.104893 
0.108398 
0.111832 
0.115184 
0.118443 
0.121595 
0.124631 
0.127539 
0.130308 
0.132928 
0.135389 
0.137680 
0.139794 
0.141721 
0.143455 
0.144987 
0.146313 
0.147426 
0.148322 
0.148997 
0.149449 
0.149675 
0.149675 
0.149449 
0.148997 
0.148322 
0.147426 
0.146313 
0.144987 
0.143455 
0.141721 
0.139794 
0.137680 
0.135389 
0.132928 
0.130308 
0.127539 
0.124631 
0.121595 
0.118443 
0.115184 
0.111832 
0.108398 
0.104893 
0.101330 
0.097719 
0.094072 
0.090402 
0.086718 
0.083031 
0.079353 
0.075693 
0.072060 
0.068465 
0.064915 
0.061420 
0.057988 
0.054624 
0.051337 
0.048133 
0.045017 
0.041995 
0.039072 
0.036251 
0.033538 
0.030935 
0.028446 
0.026072 
0.023817 
0.021682 
0.019669 
0.017778 
0.016012 
0.014371 
0.012856 
0.011466 
0.010203 
0.009066 
0.008055 
0.007171 
0.006414 
0.005783 
0.005278 
0.004900 
0.004648 
0.004522 
