0.002257 
0.002258 
0.002259 
0.002261 
0.002265 
0.002269 
0.002273 
0.002279 
0.002285 
0.002292 
0.002300 
0.002309 
0.002318 
0.002328 
0.002339 
0.002351 
0.002364 
0.002377 
0.002391 
0.002406 
0.002422 
0.002438 
0.002455 
0.002473 
0.002492 
0.002512 
0.002532 
0.002553 
0.002575 
0.002598 
0.002622 
0.002646 
0.002671 
0.002697 
0.002723 
0.002751 
0.002779 
0.002808 
0.002838 
0.002868 
0.002899 
0.002931 
0.002964 
0.002998 
0.003032 
0.003067 
0.003103 
0.003140 
0.003177 
0.003215 
0.003254 
0.003294 
0.003334 
0.003376 
0.003418 
0.003460 
0.003504 
0.003548 
0.003593 
0.003639 
0.003685 
0.003733 
0.003781 
0.003830 
0.003879 
0.003929 
0.003980 
0.004032 
0.004085 
0.004138 
0.004192 
0.004247 
0.004302 
0.004359 
0.004415 
0.004473 
0.004532 
0.004591 
0.004651 
0.004711 
0.004773 
0.004835 
0.004898 
0.004961 
0.005026 
0.005091 
0.005156 
0.005223 
0.005290 
0.005358 
0.005426 
0.005496 
0.005566 
0.005636 
0.005708 
0.005780 
0.005853 
0.005926 
0.006001 
0.006076 
0.006151 
0.006228 
0.006305 
0.006382 
0.006461 
0.006540 
0.006620 
0.006700 
0.006781 
0.006863 
0.006946 
0.007029 
0.007113 
0.007197 
0.007283 
0.007368 
0.007455 
0.007542 
0.007630 
0.007719 
0.007808 
0.007898 
0.007988 
0.008080 
0.008171 
0.008264 
0.008357 
0.008451 
0.008545 
0.008640 
0.008736 
0.008832 
0.008929 
0.009027 
0.009125 
0.009224 
0.009323 
0.009423 
0.009524 
0.009625 
0.009727 
0.009830 
0.009933 
0.010037 
0.010141 
0.010246 
0.010352 
0.010458 
0.010564 
0.010672 
0.010780 
0.010888 
0.010997 
0.011107 
0.011217 
0.011328 
0.011439 
0.011551 
0.011664 
0.011777 
0.011890 
0.012005 
0.012119 
0.012235 
0.012351 
0.012467 
0.012584 
0.012701 
0.012819 
0.012938 
0.013057 
0.013176 
0.013296 
0.013417 
0.013538 
0.013660 
0.013782 
0.013905 
0.014028 
0.014151 
0.014276 
0.014400 
0.014525 
0.014651 
0.014777 
0.014904 
0.015031 
0.015158 
0.015286 
0.015415 
0.015544 
0.015673 
0.015803 
0.015933 
0.016064 
0.016195 
0.016327 
0.016459 
0.016591 
0.016724 
0.016857 
0.016991 
0.017125 
0.017260 
0.017395 
0.017530 
0.017666 
0.017802 
0.017939 
0.018076 
0.018213 
0.018351 
0.018489 
0.018627 
0.018766 
0.018905 
0.019045 
0.019185 
0.019325 
0.019466 
0.019607 
0.019748 
0.019890 
0.020032 
0.020174 
0.020317 
0.020460 
0.020603 
0.020746 
0.020890 
0.021034 
0.021179 
0.021323 
0.021468 
0.021614 
0.021759 
0.021905 
0.022051 
0.022198 
0.022344 
0.022491 
0.022638 
0.022786 
0.022933 
0.023081 
0.023229 
0.023377 
0.023526 
0.023674 
0.023823 
0.023972 
0.024122 
0.024271 
0.024421 
0.024571 
0.024721 
0.024871 
0.025021 
0.025172 
0.025323 
0.025473 
0.025624 
0.025775 
0.025927 
0.026078 
0.026230 
0.026381 
0.026533 
0.026685 
0.026837 
0.026989 
0.027141 
0.027293 
0.027445 
0.027597 
0.027750 
0.027902 
0.028055 
0.028207 
0.028360 
0.028513 
0.028665 
0.028818 
0.028971 
0.029123 
0.029276 
0.029429 
0.029582 
0.029734 
0.029887 
0.030040 
0.030192 
0.030345 
0.030498 
0.030650 
0.030803 
0.030955 
0.031107 
0.031260 
0.031412 
0.031564 
0.031716 
0.031868 
0.032020 
0.032172 
0.032323 
0.032475 
0.032626 
0.032777 
0.032928 
0.033079 
0.033230 
0.033381 
0.033531 
0.033681 
0.033831 
0.033981 
0.034131 
0.034281 
0.034430 
0.034579 
0.034728 
0.034877 
0.035025 
0.035173 
0.035321 
0.035469 
0.035616 
0.035763 
0.035910 
0.036057 
0.036203 
0.036349 
0.036495 
0.036640 
0.036786 
0.036930 
0.037075 
0.037219 
0.037363 
0.037506 
0.037649 
0.037792 
0.037935 
0.038077 
0.038218 
0.038360 
0.038500 
0.038641 
0.038781 
0.038921 
0.039060 
0.039199 
0.039337 
0.039475 
0.039612 
0.039750 
0.039886 
0.040022 
0.040158 
0.040293 
0.040428 
0.040562 
0.040696 
0.040829 
0.040961 
0.041094 
0.041225 
0.041356 
0.041487 
0.041617 
0.041746 
0.041875 
0.042003 
0.042131 
0.042258 
0.042385 
0.042511 
0.042636 
0.042761 
0.042885 
0.043009 
0.043132 
0.043254 
0.043376 
0.043497 
0.043617 
0.043737 
0.043856 
0.043974 
0.044092 
0.044209 
0.044325 
0.044441 
0.044556 
0.044670 
0.044784 
0.044897 
0.045009 
0.045120 
0.045231 
0.045341 
0.045450 
0.045558 
0.045666 
0.045773 
0.045879 
0.045984 
0.046088 
0.046192 
0.046295 
0.046397 
0.046499 
0.046599 
0.046699 
0.046798 
0.046896 
0.046993 
0.047089 
0.047185 
0.047279 
0.047373 
0.047466 
0.047558 
0.047649 
0.047740 
0.047829 
0.047918 
0.048005 
0.048092 
0.048178 
0.048263 
0.048347 
0.048430 
0.048512 
0.048594 
0.048674 
0.048753 
0.048832 
0.048909 
0.048986 
0.049061 
0.049136 
0.049210 
0.049283 
0.049354 
0.049425 
0.049495 
0.049564 
0.049631 
0.049698 
0.049764 
0.049829 
0.049893 
0.049956 
0.050017 
0.050078 
0.050138 
0.050197 
0.050254 
0.050311 
0.050367 
0.050421 
0.050475 
0.050528 
0.050579 
0.050630 
0.050679 
0.050727 
0.050775 
0.050821 
0.050866 
0.050910 
0.050953 
0.050995 
0.051036 
0.051076 
0.051115 
0.051152 
0.051189 
0.051224 
0.051259 
0.051292 
0.051324 
0.051355 
0.051385 
0.051414 
0.051442 
0.051469 
0.051495 
0.051519 
0.051543 
0.051565 
0.051586 
0.051606 
0.051625 
0.051643 
0.051660 
0.051676 
0.051690 
0.051704 
0.051716 
0.051727 
0.051737 
0.051746 
0.051754 
0.051761 
0.051766 
0.051771 
0.051774 
0.051776 
0.051777 
0.051777 
0.051776 
0.051774 
0.051771 
0.051766 
0.051761 
0.051754 
0.051746 
0.051737 
0.051727 
0.051716 
0.051704 
0.051690 
0.051676 
0.051660 
0.051643 
0.051625 
0.051606 
0.051586 
0.051565 
0.051543 
0.051519 
0.051495 
0.051469 
0.051442 
0.051414 
0.051385 
0.051355 
0.051324 
0.051292 
0.051259 
0.051224 
0.051189 
0.051152 
0.051115 
0.051076 
0.051036 
0.050995 
0.050953 
0.050910 
0.050866 
0.050821 
0.050775 
0.050727 
0.050679 
0.050630 
0.050579 
0.050528 
0.050475 
0.050421 
0.050367 
0.050311 
0.050254 
0.050197 
0.050138 
0.050078 
0.050017 
0.049956 
0.049893 
0.049829 
0.049764 
0.049698 
0.049631 
0.049564 
0.049495 
0.049425 
0.049354 
0.049283 
0.049210 
0.049136 
0.049061 
0.048986 
0.048909 
0.048832 
0.048753 
0.048674 
0.048594 
0.048512 
0.048430 
0.048347 
0.048263 
0.048178 
0.048092 
0.048005 
0.047918 
0.047829 
0.047740 
0.047649 
0.047558 
0.047466 
0.047373 
0.047279 
0.047185 
0.047089 
0.046993 
0.046896 
0.046798 
0.046699 
0.046599 
0.046499 
0.046397 
0.046295 
0.046192 
0.046088 
0.045984 
0.045879 
0.045773 
0.045666 
0.045558 
0.045450 
0.045341 
0.045231 
0.045120 
0.045009 
0.044897 
0.044784 
0.044670 
0.044556 
0.044441 
0.044325 
0.044209 
0.044092 
0.043974 
0.043856 
0.043737 
0.043617 
0.043497 
0.043376 
0.043254 
0.043132 
0.043009 
0.042885 
0.042761 
0.042636 
0.042511 
0.042385 
0.042258 
0.042131 
0.042003 
0.041875 
0.041746 
0.041617 
0.041487 
0.041356 
0.041225 
0.041094 
0.040961 
0.040829 
0.040696 
0.040562 
0.040428 
0.040293 
0.040158 
0.040022 
0.039886 
0.039750 
0.039612 
0.039475 
0.039337 
0.039199 
0.039060 
0.038921 
0.038781 
0.038641 
0.038500 
0.038360 
0.038218 
0.038077 
0.037935 
0.037792 
0.037649 
0.037506 
0.037363 
0.037219 
0.037075 
0.036930 
0.036786 
0.036640 
0.036495 
0.036349 
0.036203 
0.036057 
0.035910 
0.035763 
0.035616 
0.035469 
0.035321 
0.035173 
0.035025 
0.034877 
0.034728 
0.034579 
0.034430 
0.034281 
0.034131 
0.033981 
0.033831 
0.033681 
0.033531 
0.033381 
0.033230 
0.033079 
0.032928 
0.032777 
0.032626 
0.032475 
0.032323 
0.032172 
0.032020 
0.031868 
0.031716 
0.031564 
0.031412 
0.031260 
0.031107 
0.030955 
0.030803 
0.030650 
0.030498 
0.030345 
0.030192 
0.030040 
0.029887 
0.029734 
0.029582 
0.029429 
0.029276 
0.029123 
0.028971 
0.028818 
0.028665 
0.028513 
0.028360 
0.028207 
0.028055 
0.027902 
0.027750 
0.027597 
0.027445 
0.027293 
0.027141 
0.026989 
0.026837 
0.026685 
0.026533 
0.026381 
0.026230 
0.026078 
0.025927 
0.025775 
0.025624 
0.025473 
0.025323 
0.025172 
0.025021 
0.024871 
0.024721 
0.024571 
0.024421 
0.024271 
0.024122 
0.023972 
0.023823 
0.023674 
0.023526 
0.023377 
0.023229 
0.023081 
0.022933 
0.022786 
0.022638 
0.022491 
0.022344 
0.022198 
0.022051 
0.021905 
0.021759 
0.021614 
0.021468 
0.021323 
0.021179 
0.021034 
0.020890 
0.020746 
0.020603 
0.020460 
0.020317 
0.020174 
0.020032 
0.019890 
0.019748 
0.019607 
0.019466 
0.019325 
0.019185 
0.019045 
0.018905 
0.018766 
0.018627 
0.018489 
0.018351 
0.018213 
0.018076 
0.017939 
0.017802 
0.017666 
0.017530 
0.017395 
0.017260 
0.017125 
0.016991 
0.016857 
0.016724 
0.016591 
0.016459 
0.016327 
0.016195 
0.016064 
0.015933 
0.015803 
0.015673 
0.015544 
0.015415 
0.015286 
0.015158 
0.015031 
0.014904 
0.014777 
0.014651 
0.014525 
0.014400 
0.014276 
0.014151 
0.014028 
0.013905 
0.013782 
0.013660 
0.013538 
0.013417 
0.013296 
0.013176 
0.013057 
0.012938 
0.012819 
0.012701 
0.012584 
0.012467 
0.012351 
0.012235 
0.012119 
0.012005 
0.011890 
0.011777 
0.011664 
0.011551 
0.011439 
0.011328 
0.011217 
0.011107 
0.010997 
0.010888 
0.010780 
0.010672 
0.010564 
0.010458 
0.010352 
0.010246 
0.010141 
0.010037 
0.009933 
0.009830 
0.009727 
0.009625 
0.009524 
0.009423 
0.009323 
0.009224 
0.009125 
0.009027 
0.008929 
0.008832 
0.008736 
0.008640 
0.008545 
0.008451 
0.008357 
0.008264 
0.008171 
0.008080 
0.007988 
0.007898 
0.007808 
0.007719 
0.007630 
0.007542 
0.007455 
0.007368 
0.007283 
0.007197 
0.007113 
0.007029 
0.006946 
0.006863 
0.006781 
0.006700 
0.006620 
0.006540 
0.006461 
0.006382 
0.006305 
0.006228 
0.006151 
0.006076 
0.006001 
0.005926 
0.005853 
0.005780 
0.005708 
0.005636 
0.005566 
0.005496 
0.005426 
0.005358 
0.005290 
0.005223 
0.005156 
0.005091 
0.005026 
0.004961 
0.004898 
0.004835 
0.004773 
0.004711 
0.004651 
0.004591 
0.004532 
0.004473 
0.004415 
0.004359 
0.004302 
0.004247 
0.004192 
0.004138 
0.004085 
0.004032 
0.003980 
0.003929 
0.003879 
0.003830 
0.003781 
0.003733 
0.003685 
0.003639 
0.003593 
0.003548 
0.003504 
0.003460 
0.003418 
0.003376 
0.003334 
0.003294 
0.003254 
0.003215 
0.003177 
0.003140 
0.003103 
0.003067 
0.003032 
0.002998 
0.002964 
0.002931 
0.002899 
0.002868 
0.002838 
0.002808 
0.002779 
0.002751 
0.002723 
0.002697 
0.002671 
0.002646 
0.002622 
0.002598 
0.002575 
0.002553 
0.002532 
0.002512 
0.002492 
0.002473 
0.002455 
0.002438 
0.002422 
0.002406 
0.002391 
0.002377 
0.002364 
0.002351 
0.002339 
0.002328 
0.002318 
0.002309 
0.002300 
0.002292 
0.002285 
0.002279 
0.002273 
0.002269 
0.002265 
0.002261 
0.002259 
0.002258 
0.002257 
