0.018603 
0.018919 
0.019549 
0.020488 
0.021729 
0.023264 
0.025081 
0.027168 
0.029511 
0.032095 
0.034902 
0.037915 
0.041117 
0.044489 
0.048013 
0.051670 
0.055442 
0.059311 
0.063260 
0.067272 
0.071332 
0.075424 
0.079535 
0.083649 
0.087754 
0.091838 
0.095888 
0.099892 
0.103840 
0.107719 
0.111519 
0.115229 
0.118838 
0.122334 
0.125706 
0.128943 
0.132032 
0.134964 
0.137725 
0.140304 
0.142691 
0.144875 
0.146845 
0.148592 
0.150107 
0.151382 
0.152410 
0.153187 
0.153706 
0.153967 
0.153967 
0.153706 
0.153187 
0.152410 
0.151382 
0.150107 
0.148592 
0.146845 
0.144875 
0.142691 
0.140304 
0.137725 
0.134964 
0.132032 
0.128943 
0.125706 
0.122334 
0.118838 
0.115229 
0.111519 
0.107719 
0.103840 
0.099892 
0.095888 
0.091838 
0.087754 
0.083649 
0.079535 
0.075424 
0.071332 
0.067272 
0.063260 
0.059311 
0.055442 
0.051670 
0.048013 
0.044489 
0.041117 
0.037915 
0.034902 
0.032095 
0.029511 
0.027168 
0.025081 
0.023264 
0.021729 
0.020488 
0.019549 
0.018919 
0.018603 
