0.016429 
0.016600 
0.016940 
0.017449 
0.018124 
0.018962 
0.019959 
0.021111 
0.022414 
0.023861 
0.025447 
0.027165 
0.029008 
0.030970 
0.033043 
0.035219 
0.037490 
0.039850 
0.042289 
0.044801 
0.047377 
0.050011 
0.052694 
0.055420 
0.058181 
0.060970 
0.063782 
0.066610 
0.069447 
0.072288 
0.075128 
0.077960 
0.080780 
0.083583 
0.086363 
0.089116 
0.091836 
0.094520 
0.097162 
0.099758 
0.102304 
0.104793 
0.107223 
0.109587 
0.111882 
0.114101 
0.116242 
0.118297 
0.120264 
0.122136 
0.123909 
0.125579 
0.127141 
0.128590 
0.129922 
0.131133 
0.132220 
0.133178 
0.134006 
0.134700 
0.135258 
0.135679 
0.135960 
0.136100 
0.136100 
0.135960 
0.135679 
0.135258 
0.134700 
0.134006 
0.133178 
0.132220 
0.131133 
0.129922 
0.128590 
0.127141 
0.125579 
0.123909 
0.122136 
0.120264 
0.118297 
0.116242 
0.114101 
0.111882 
0.109587 
0.107223 
0.104793 
0.102304 
0.099758 
0.097162 
0.094520 
0.091836 
0.089116 
0.086363 
0.083583 
0.080780 
0.077960 
0.075128 
0.072288 
0.069447 
0.066610 
0.063782 
0.060970 
0.058181 
0.055420 
0.052694 
0.050011 
0.047377 
0.044801 
0.042289 
0.039850 
0.037490 
0.035219 
0.033043 
0.030970 
0.029008 
0.027165 
0.025447 
0.023861 
0.022414 
0.021111 
0.019959 
0.018962 
0.018124 
0.017449 
0.016940 
0.016600 
0.016429 
