0.003451 
0.003452 
0.003454 
0.003457 
0.003460 
0.003465 
0.003470 
0.003476 
0.003483 
0.003491 
0.003500 
0.003510 
0.003520 
0.003532 
0.003544 
0.003557 
0.003571 
0.003586 
0.003602 
0.003619 
0.003636 
0.003655 
0.003674 
0.003694 
0.003715 
0.003737 
0.003760 
0.003784 
0.003808 
0.003834 
0.003860 
0.003887 
0.003915 
0.003944 
0.003974 
0.004004 
0.004036 
0.004068 
0.004101 
0.004135 
0.004170 
0.004206 
0.004242 
0.004280 
0.004318 
0.004357 
0.004397 
0.004438 
0.004479 
0.004522 
0.004565 
0.004609 
0.004654 
0.004699 
0.004746 
0.004793 
0.004842 
0.004891 
0.004940 
0.004991 
0.005042 
0.005095 
0.005148 
0.005202 
0.005256 
0.005312 
0.005368 
0.005425 
0.005483 
0.005541 
0.005601 
0.005661 
0.005722 
0.005783 
0.005846 
0.005909 
0.005973 
0.006038 
0.006104 
0.006170 
0.006237 
0.006305 
0.006373 
0.006443 
0.006513 
0.006583 
0.006655 
0.006727 
0.006800 
0.006874 
0.006948 
0.007024 
0.007100 
0.007176 
0.007253 
0.007331 
0.007410 
0.007490 
0.007570 
0.007651 
0.007732 
0.007814 
0.007897 
0.007981 
0.008065 
0.008150 
0.008235 
0.008322 
0.008409 
0.008496 
0.008584 
0.008673 
0.008763 
0.008853 
0.008944 
0.009035 
0.009127 
0.009220 
0.009313 
0.009407 
0.009502 
0.009597 
0.009693 
0.009789 
0.009886 
0.009984 
0.010082 
0.010181 
0.010280 
0.010380 
0.010481 
0.010582 
0.010683 
0.010786 
0.010889 
0.010992 
0.011096 
0.011200 
0.011305 
0.011411 
0.011517 
0.011624 
0.011731 
0.011839 
0.011947 
0.012056 
0.012165 
0.012275 
0.012385 
0.012496 
0.012607 
0.012719 
0.012831 
0.012944 
0.013057 
0.013171 
0.013285 
0.013400 
0.013515 
0.013630 
0.013746 
0.013863 
0.013980 
0.014097 
0.014215 
0.014333 
0.014452 
0.014571 
0.014691 
0.014810 
0.014931 
0.015052 
0.015173 
0.015294 
0.015416 
0.015539 
0.015662 
0.015785 
0.015908 
0.016032 
0.016157 
0.016281 
0.016406 
0.016532 
0.016657 
0.016784 
0.016910 
0.017037 
0.017164 
0.017291 
0.017419 
0.017547 
0.017676 
0.017804 
0.017934 
0.018063 
0.018193 
0.018323 
0.018453 
0.018583 
0.018714 
0.018845 
0.018977 
0.019109 
0.019241 
0.019373 
0.019505 
0.019638 
0.019771 
0.019904 
0.020038 
0.020172 
0.020306 
0.020440 
0.020574 
0.020709 
0.020844 
0.020979 
0.021114 
0.021250 
0.021385 
0.021521 
0.021657 
0.021794 
0.021930 
0.022067 
0.022204 
0.022341 
0.022478 
0.022615 
0.022753 
0.022890 
0.023028 
0.023166 
0.023304 
0.023443 
0.023581 
0.023719 
0.023858 
0.023997 
0.024136 
0.024274 
0.024414 
0.024553 
0.024692 
0.024831 
0.024971 
0.025110 
0.025250 
0.025390 
0.025529 
0.025669 
0.025809 
0.025949 
0.026089 
0.026229 
0.026369 
0.026509 
0.026649 
0.026789 
0.026930 
0.027070 
0.027210 
0.027350 
0.027491 
0.027631 
0.027771 
0.027911 
0.028052 
0.028192 
0.028332 
0.028472 
0.028612 
0.028752 
0.028893 
0.029033 
0.029173 
0.029313 
0.029452 
0.029592 
0.029732 
0.029872 
0.030011 
0.030151 
0.030290 
0.030430 
0.030569 
0.030708 
0.030847 
0.030986 
0.031125 
0.031264 
0.031402 
0.031541 
0.031679 
0.031817 
0.031955 
0.032093 
0.032231 
0.032369 
0.032506 
0.032643 
0.032780 
0.032917 
0.033054 
0.033191 
0.033327 
0.033463 
0.033599 
0.033735 
0.033871 
0.034006 
0.034141 
0.034276 
0.034411 
0.034545 
0.034679 
0.034813 
0.034947 
0.035080 
0.035214 
0.035347 
0.035479 
0.035612 
0.035744 
0.035876 
0.036007 
0.036138 
0.036269 
0.036400 
0.036530 
0.036660 
0.036790 
0.036919 
0.037048 
0.037177 
0.037306 
0.037434 
0.037561 
0.037689 
0.037816 
0.037942 
0.038068 
0.038194 
0.038320 
0.038445 
0.038570 
0.038694 
0.038818 
0.038941 
0.039064 
0.039187 
0.039309 
0.039431 
0.039553 
0.039674 
0.039794 
0.039914 
0.040034 
0.040153 
0.040272 
0.040390 
0.040508 
0.040625 
0.040742 
0.040858 
0.040974 
0.041089 
0.041204 
0.041318 
0.041432 
0.041546 
0.041658 
0.041771 
0.041882 
0.041993 
0.042104 
0.042214 
0.042324 
0.042433 
0.042541 
0.042649 
0.042756 
0.042863 
0.042969 
0.043075 
0.043179 
0.043284 
0.043387 
0.043491 
0.043593 
0.043695 
0.043796 
0.043897 
0.043997 
0.044096 
0.044195 
0.044293 
0.044391 
0.044487 
0.044584 
0.044679 
0.044774 
0.044868 
0.044961 
0.045054 
0.045146 
0.045238 
0.045328 
0.045418 
0.045507 
0.045596 
0.045684 
0.045771 
0.045857 
0.045943 
0.046028 
0.046112 
0.046196 
0.046278 
0.046360 
0.046442 
0.046522 
0.046602 
0.046681 
0.046759 
0.046836 
0.046913 
0.046989 
0.047064 
0.047138 
0.047211 
0.047284 
0.047356 
0.047427 
0.047497 
0.047567 
0.047635 
0.047703 
0.047770 
0.047836 
0.047902 
0.047966 
0.048030 
0.048092 
0.048154 
0.048216 
0.048276 
0.048335 
0.048394 
0.048451 
0.048508 
0.048564 
0.048619 
0.048673 
0.048727 
0.048779 
0.048831 
0.048881 
0.048931 
0.048980 
0.049028 
0.049075 
0.049122 
0.049167 
0.049211 
0.049255 
0.049297 
0.049339 
0.049380 
0.049420 
0.049459 
0.049497 
0.049534 
0.049570 
0.049605 
0.049639 
0.049673 
0.049705 
0.049737 
0.049767 
0.049797 
0.049826 
0.049853 
0.049880 
0.049906 
0.049931 
0.049955 
0.049978 
0.050000 
0.050021 
0.050041 
0.050061 
0.050079 
0.050096 
0.050113 
0.050128 
0.050142 
0.050156 
0.050168 
0.050180 
0.050191 
0.050200 
0.050209 
0.050217 
0.050223 
0.050229 
0.050234 
0.050238 
0.050241 
0.050243 
0.050244 
0.050244 
0.050243 
0.050241 
0.050238 
0.050234 
0.050229 
0.050223 
0.050217 
0.050209 
0.050200 
0.050191 
0.050180 
0.050168 
0.050156 
0.050142 
0.050128 
0.050113 
0.050096 
0.050079 
0.050061 
0.050041 
0.050021 
0.050000 
0.049978 
0.049955 
0.049931 
0.049906 
0.049880 
0.049853 
0.049826 
0.049797 
0.049767 
0.049737 
0.049705 
0.049673 
0.049639 
0.049605 
0.049570 
0.049534 
0.049497 
0.049459 
0.049420 
0.049380 
0.049339 
0.049297 
0.049255 
0.049211 
0.049167 
0.049122 
0.049075 
0.049028 
0.048980 
0.048931 
0.048881 
0.048831 
0.048779 
0.048727 
0.048673 
0.048619 
0.048564 
0.048508 
0.048451 
0.048394 
0.048335 
0.048276 
0.048216 
0.048154 
0.048092 
0.048030 
0.047966 
0.047902 
0.047836 
0.047770 
0.047703 
0.047635 
0.047567 
0.047497 
0.047427 
0.047356 
0.047284 
0.047211 
0.047138 
0.047064 
0.046989 
0.046913 
0.046836 
0.046759 
0.046681 
0.046602 
0.046522 
0.046442 
0.046360 
0.046278 
0.046196 
0.046112 
0.046028 
0.045943 
0.045857 
0.045771 
0.045684 
0.045596 
0.045507 
0.045418 
0.045328 
0.045238 
0.045146 
0.045054 
0.044961 
0.044868 
0.044774 
0.044679 
0.044584 
0.044487 
0.044391 
0.044293 
0.044195 
0.044096 
0.043997 
0.043897 
0.043796 
0.043695 
0.043593 
0.043491 
0.043387 
0.043284 
0.043179 
0.043075 
0.042969 
0.042863 
0.042756 
0.042649 
0.042541 
0.042433 
0.042324 
0.042214 
0.042104 
0.041993 
0.041882 
0.041771 
0.041658 
0.041546 
0.041432 
0.041318 
0.041204 
0.041089 
0.040974 
0.040858 
0.040742 
0.040625 
0.040508 
0.040390 
0.040272 
0.040153 
0.040034 
0.039914 
0.039794 
0.039674 
0.039553 
0.039431 
0.039309 
0.039187 
0.039064 
0.038941 
0.038818 
0.038694 
0.038570 
0.038445 
0.038320 
0.038194 
0.038068 
0.037942 
0.037816 
0.037689 
0.037561 
0.037434 
0.037306 
0.037177 
0.037048 
0.036919 
0.036790 
0.036660 
0.036530 
0.036400 
0.036269 
0.036138 
0.036007 
0.035876 
0.035744 
0.035612 
0.035479 
0.035347 
0.035214 
0.035080 
0.034947 
0.034813 
0.034679 
0.034545 
0.034411 
0.034276 
0.034141 
0.034006 
0.033871 
0.033735 
0.033599 
0.033463 
0.033327 
0.033191 
0.033054 
0.032917 
0.032780 
0.032643 
0.032506 
0.032369 
0.032231 
0.032093 
0.031955 
0.031817 
0.031679 
0.031541 
0.031402 
0.031264 
0.031125 
0.030986 
0.030847 
0.030708 
0.030569 
0.030430 
0.030290 
0.030151 
0.030011 
0.029872 
0.029732 
0.029592 
0.029452 
0.029313 
0.029173 
0.029033 
0.028893 
0.028752 
0.028612 
0.028472 
0.028332 
0.028192 
0.028052 
0.027911 
0.027771 
0.027631 
0.027491 
0.027350 
0.027210 
0.027070 
0.026930 
0.026789 
0.026649 
0.026509 
0.026369 
0.026229 
0.026089 
0.025949 
0.025809 
0.025669 
0.025529 
0.025390 
0.025250 
0.025110 
0.024971 
0.024831 
0.024692 
0.024553 
0.024414 
0.024274 
0.024136 
0.023997 
0.023858 
0.023719 
0.023581 
0.023443 
0.023304 
0.023166 
0.023028 
0.022890 
0.022753 
0.022615 
0.022478 
0.022341 
0.022204 
0.022067 
0.021930 
0.021794 
0.021657 
0.021521 
0.021385 
0.021250 
0.021114 
0.020979 
0.020844 
0.020709 
0.020574 
0.020440 
0.020306 
0.020172 
0.020038 
0.019904 
0.019771 
0.019638 
0.019505 
0.019373 
0.019241 
0.019109 
0.018977 
0.018845 
0.018714 
0.018583 
0.018453 
0.018323 
0.018193 
0.018063 
0.017934 
0.017804 
0.017676 
0.017547 
0.017419 
0.017291 
0.017164 
0.017037 
0.016910 
0.016784 
0.016657 
0.016532 
0.016406 
0.016281 
0.016157 
0.016032 
0.015908 
0.015785 
0.015662 
0.015539 
0.015416 
0.015294 
0.015173 
0.015052 
0.014931 
0.014810 
0.014691 
0.014571 
0.014452 
0.014333 
0.014215 
0.014097 
0.013980 
0.013863 
0.013746 
0.013630 
0.013515 
0.013400 
0.013285 
0.013171 
0.013057 
0.012944 
0.012831 
0.012719 
0.012607 
0.012496 
0.012385 
0.012275 
0.012165 
0.012056 
0.011947 
0.011839 
0.011731 
0.011624 
0.011517 
0.011411 
0.011305 
0.011200 
0.011096 
0.010992 
0.010889 
0.010786 
0.010683 
0.010582 
0.010481 
0.010380 
0.010280 
0.010181 
0.010082 
0.009984 
0.009886 
0.009789 
0.009693 
0.009597 
0.009502 
0.009407 
0.009313 
0.009220 
0.009127 
0.009035 
0.008944 
0.008853 
0.008763 
0.008673 
0.008584 
0.008496 
0.008409 
0.008322 
0.008235 
0.008150 
0.008065 
0.007981 
0.007897 
0.007814 
0.007732 
0.007651 
0.007570 
0.007490 
0.007410 
0.007331 
0.007253 
0.007176 
0.007100 
0.007024 
0.006948 
0.006874 
0.006800 
0.006727 
0.006655 
0.006583 
0.006513 
0.006443 
0.006373 
0.006305 
0.006237 
0.006170 
0.006104 
0.006038 
0.005973 
0.005909 
0.005846 
0.005783 
0.005722 
0.005661 
0.005601 
0.005541 
0.005483 
0.005425 
0.005368 
0.005312 
0.005256 
0.005202 
0.005148 
0.005095 
0.005042 
0.004991 
0.004940 
0.004891 
0.004842 
0.004793 
0.004746 
0.004699 
0.004654 
0.004609 
0.004565 
0.004522 
0.004479 
0.004438 
0.004397 
0.004357 
0.004318 
0.004280 
0.004242 
0.004206 
0.004170 
0.004135 
0.004101 
0.004068 
0.004036 
0.004004 
0.003974 
0.003944 
0.003915 
0.003887 
0.003860 
0.003834 
0.003808 
0.003784 
0.003760 
0.003737 
0.003715 
0.003694 
0.003674 
0.003655 
0.003636 
0.003619 
0.003602 
0.003586 
0.003571 
0.003557 
0.003544 
0.003532 
0.003520 
0.003510 
0.003500 
0.003491 
0.003483 
0.003476 
0.003470 
0.003465 
0.003460 
0.003457 
0.003454 
0.003452 
0.003451 
