0.005127 
0.005361 
0.005828 
0.006530 
0.007466 
0.008636 
0.010040 
0.011679 
0.013553 
0.015660 
0.018001 
0.020572 
0.023374 
0.026403 
0.029655 
0.033126 
0.036810 
0.040701 
0.044791 
0.049071 
0.053530 
0.058155 
0.062933 
0.067849 
0.072886 
0.078026 
0.083248 
0.088532 
0.093856 
0.099194 
0.104523 
0.109816 
0.115047 
0.120188 
0.125213 
0.130092 
0.134798 
0.139304 
0.143584 
0.147610 
0.151358 
0.154805 
0.157929 
0.160709 
0.163127 
0.165167 
0.166816 
0.168063 
0.168899 
0.169318 
0.169318 
0.168899 
0.168063 
0.166816 
0.165167 
0.163127 
0.160709 
0.157929 
0.154805 
0.151358 
0.147610 
0.143584 
0.139304 
0.134798 
0.130092 
0.125213 
0.120188 
0.115047 
0.109816 
0.104523 
0.099194 
0.093856 
0.088532 
0.083248 
0.078026 
0.072886 
0.067849 
0.062933 
0.058155 
0.053530 
0.049071 
0.044791 
0.040701 
0.036810 
0.033126 
0.029655 
0.026403 
0.023374 
0.020572 
0.018001 
0.015660 
0.013553 
0.011679 
0.010040 
0.008636 
0.007466 
0.006530 
0.005828 
0.005361 
0.005127 
