0.007254 
0.007518 
0.008045 
0.008833 
0.009881 
0.011187 
0.012747 
0.014558 
0.016615 
0.018912 
0.021446 
0.024208 
0.027193 
0.030393 
0.033799 
0.037404 
0.041196 
0.045166 
0.049302 
0.053594 
0.058027 
0.062588 
0.067264 
0.072037 
0.076893 
0.081814 
0.086782 
0.091778 
0.096782 
0.101773 
0.106731 
0.111633 
0.116458 
0.121181 
0.125781 
0.130234 
0.134518 
0.138608 
0.142484 
0.146123 
0.149506 
0.152611 
0.155422 
0.157920 
0.160091 
0.161921 
0.163400 
0.164517 
0.165266 
0.165641 
0.165641 
0.165266 
0.164517 
0.163400 
0.161921 
0.160091 
0.157920 
0.155422 
0.152611 
0.149506 
0.146123 
0.142484 
0.138608 
0.134518 
0.130234 
0.125781 
0.121181 
0.116458 
0.111633 
0.106731 
0.101773 
0.096782 
0.091778 
0.086782 
0.081814 
0.076893 
0.072037 
0.067264 
0.062588 
0.058027 
0.053594 
0.049302 
0.045166 
0.041196 
0.037404 
0.033799 
0.030393 
0.027193 
0.024208 
0.021446 
0.018912 
0.016615 
0.014558 
0.012747 
0.011187 
0.009881 
0.008833 
0.008045 
0.007518 
0.007254 
