0.003399 
0.003511 
0.003737 
0.004075 
0.004528 
0.005095 
0.005778 
0.006578 
0.007495 
0.008532 
0.009688 
0.010967 
0.012368 
0.013893 
0.015543 
0.017319 
0.019222 
0.021251 
0.023407 
0.025689 
0.028096 
0.030628 
0.033283 
0.036057 
0.038949 
0.041955 
0.045071 
0.048291 
0.051611 
0.055025 
0.058525 
0.062104 
0.065755 
0.069467 
0.073233 
0.077042 
0.080883 
0.084745 
0.088617 
0.092486 
0.096341 
0.100168 
0.103954 
0.107687 
0.111352 
0.114937 
0.118428 
0.121812 
0.125076 
0.128207 
0.131192 
0.134020 
0.136679 
0.139158 
0.141447 
0.143536 
0.145415 
0.147079 
0.148518 
0.149727 
0.150701 
0.151435 
0.151926 
0.152172 
0.152172 
0.151926 
0.151435 
0.150701 
0.149727 
0.148518 
0.147079 
0.145415 
0.143536 
0.141447 
0.139158 
0.136679 
0.134020 
0.131192 
0.128207 
0.125076 
0.121812 
0.118428 
0.114937 
0.111352 
0.107687 
0.103954 
0.100168 
0.096341 
0.092486 
0.088617 
0.084745 
0.080883 
0.077042 
0.073233 
0.069467 
0.065755 
0.062104 
0.058525 
0.055025 
0.051611 
0.048291 
0.045071 
0.041955 
0.038949 
0.036057 
0.033283 
0.030628 
0.028096 
0.025689 
0.023407 
0.021251 
0.019222 
0.017319 
0.015543 
0.013893 
0.012368 
0.010967 
0.009688 
0.008532 
0.007495 
0.006578 
0.005778 
0.005095 
0.004528 
0.004075 
0.003737 
0.003511 
0.003399 
