0.011081 
0.011377 
0.011967 
0.012848 
0.014016 
0.015465 
0.017188 
0.019176 
0.021421 
0.023911 
0.026635 
0.029581 
0.032737 
0.036090 
0.039625 
0.043328 
0.047186 
0.051184 
0.055308 
0.059542 
0.063873 
0.068286 
0.072765 
0.077296 
0.081864 
0.086453 
0.091048 
0.095634 
0.100194 
0.104713 
0.109173 
0.113559 
0.117852 
0.122037 
0.126094 
0.130007 
0.133759 
0.137331 
0.140707 
0.143870 
0.146804 
0.149494 
0.151924 
0.154082 
0.155956 
0.157535 
0.158809 
0.159771 
0.160416 
0.160740 
0.160740 
0.160416 
0.159771 
0.158809 
0.157535 
0.155956 
0.154082 
0.151924 
0.149494 
0.146804 
0.143870 
0.140707 
0.137331 
0.133759 
0.130007 
0.126094 
0.122037 
0.117852 
0.113559 
0.109173 
0.104713 
0.100194 
0.095634 
0.091048 
0.086453 
0.081864 
0.077296 
0.072765 
0.068286 
0.063873 
0.059542 
0.055308 
0.051184 
0.047186 
0.043328 
0.039625 
0.036090 
0.032737 
0.029581 
0.026635 
0.023911 
0.021421 
0.019176 
0.017188 
0.015465 
0.014016 
0.012848 
0.011967 
0.011377 
0.011081 
