0.001197 
0.001197 
0.001199 
0.001200 
0.001203 
0.001206 
0.001210 
0.001214 
0.001219 
0.001225 
0.001231 
0.001238 
0.001245 
0.001253 
0.001262 
0.001271 
0.001281 
0.001292 
0.001303 
0.001315 
0.001327 
0.001341 
0.001354 
0.001369 
0.001384 
0.001399 
0.001415 
0.001432 
0.001450 
0.001468 
0.001487 
0.001506 
0.001526 
0.001547 
0.001568 
0.001590 
0.001612 
0.001635 
0.001659 
0.001684 
0.001709 
0.001734 
0.001761 
0.001788 
0.001815 
0.001844 
0.001873 
0.001902 
0.001932 
0.001963 
0.001995 
0.002027 
0.002059 
0.002093 
0.002127 
0.002162 
0.002197 
0.002233 
0.002269 
0.002307 
0.002345 
0.002383 
0.002422 
0.002462 
0.002503 
0.002544 
0.002586 
0.002628 
0.002672 
0.002715 
0.002760 
0.002805 
0.002851 
0.002897 
0.002944 
0.002992 
0.003041 
0.003090 
0.003140 
0.003190 
0.003241 
0.003293 
0.003345 
0.003399 
0.003452 
0.003507 
0.003562 
0.003618 
0.003674 
0.003731 
0.003789 
0.003848 
0.003907 
0.003967 
0.004027 
0.004089 
0.004151 
0.004213 
0.004276 
0.004340 
0.004405 
0.004470 
0.004536 
0.004603 
0.004671 
0.004739 
0.004807 
0.004877 
0.004947 
0.005018 
0.005089 
0.005162 
0.005235 
0.005308 
0.005383 
0.005458 
0.005533 
0.005610 
0.005687 
0.005765 
0.005843 
0.005922 
0.006002 
0.006083 
0.006164 
0.006246 
0.006329 
0.006412 
0.006496 
0.006581 
0.006666 
0.006752 
0.006839 
0.006927 
0.007015 
0.007104 
0.007194 
0.007284 
0.007375 
0.007467 
0.007560 
0.007653 
0.007747 
0.007841 
0.007936 
0.008032 
0.008129 
0.008226 
0.008325 
0.008423 
0.008523 
0.008623 
0.008724 
0.008825 
0.008928 
0.009031 
0.009134 
0.009239 
0.009344 
0.009449 
0.009556 
0.009663 
0.009771 
0.009879 
0.009988 
0.010098 
0.010209 
0.010320 
0.010432 
0.010544 
0.010658 
0.010772 
0.010886 
0.011001 
0.011117 
0.011234 
0.011351 
0.011469 
0.011588 
0.011707 
0.011827 
0.011948 
0.012069 
0.012191 
0.012314 
0.012437 
0.012561 
0.012686 
0.012811 
0.012937 
0.013063 
0.013191 
0.013318 
0.013447 
0.013576 
0.013706 
0.013836 
0.013967 
0.014099 
0.014231 
0.014364 
0.014497 
0.014631 
0.014766 
0.014901 
0.015037 
0.015174 
0.015311 
0.015448 
0.015587 
0.015725 
0.015865 
0.016005 
0.016146 
0.016287 
0.016429 
0.016571 
0.016714 
0.016857 
0.017001 
0.017146 
0.017291 
0.017437 
0.017583 
0.017730 
0.017877 
0.018025 
0.018173 
0.018322 
0.018471 
0.018621 
0.018771 
0.018922 
0.019074 
0.019225 
0.019378 
0.019531 
0.019684 
0.019838 
0.019992 
0.020147 
0.020302 
0.020457 
0.020613 
0.020770 
0.020927 
0.021084 
0.021242 
0.021400 
0.021559 
0.021718 
0.021877 
0.022037 
0.022197 
0.022358 
0.022519 
0.022680 
0.022842 
0.023004 
0.023166 
0.023329 
0.023492 
0.023656 
0.023820 
0.023984 
0.024148 
0.024313 
0.024478 
0.024643 
0.024809 
0.024975 
0.025141 
0.025307 
0.025474 
0.025641 
0.025808 
0.025976 
0.026143 
0.026311 
0.026479 
0.026648 
0.026816 
0.026985 
0.027154 
0.027323 
0.027492 
0.027662 
0.027831 
0.028001 
0.028171 
0.028341 
0.028511 
0.028682 
0.028852 
0.029022 
0.029193 
0.029364 
0.029535 
0.029705 
0.029876 
0.030047 
0.030218 
0.030389 
0.030561 
0.030732 
0.030903 
0.031074 
0.031245 
0.031416 
0.031587 
0.031759 
0.031930 
0.032101 
0.032272 
0.032443 
0.032613 
0.032784 
0.032955 
0.033125 
0.033296 
0.033466 
0.033637 
0.033807 
0.033977 
0.034147 
0.034316 
0.034486 
0.034655 
0.034824 
0.034993 
0.035162 
0.035330 
0.035499 
0.035667 
0.035835 
0.036002 
0.036170 
0.036337 
0.036504 
0.036670 
0.036836 
0.037002 
0.037168 
0.037333 
0.037498 
0.037663 
0.037827 
0.037991 
0.038155 
0.038318 
0.038481 
0.038643 
0.038805 
0.038967 
0.039128 
0.039289 
0.039449 
0.039609 
0.039768 
0.039927 
0.040086 
0.040244 
0.040401 
0.040558 
0.040715 
0.040871 
0.041026 
0.041181 
0.041335 
0.041489 
0.041642 
0.041795 
0.041947 
0.042098 
0.042249 
0.042399 
0.042549 
0.042698 
0.042846 
0.042994 
0.043141 
0.043287 
0.043432 
0.043577 
0.043722 
0.043865 
0.044008 
0.044150 
0.044292 
0.044432 
0.044572 
0.044711 
0.044850 
0.044987 
0.045124 
0.045260 
0.045395 
0.045530 
0.045664 
0.045796 
0.045928 
0.046059 
0.046190 
0.046319 
0.046448 
0.046575 
0.046702 
0.046828 
0.046953 
0.047077 
0.047200 
0.047322 
0.047444 
0.047564 
0.047684 
0.047802 
0.047920 
0.048036 
0.048152 
0.048266 
0.048380 
0.048493 
0.048604 
0.048715 
0.048824 
0.048933 
0.049040 
0.049147 
0.049252 
0.049357 
0.049460 
0.049562 
0.049663 
0.049764 
0.049863 
0.049960 
0.050057 
0.050153 
0.050248 
0.050341 
0.050433 
0.050524 
0.050615 
0.050703 
0.050791 
0.050878 
0.050963 
0.051048 
0.051131 
0.051213 
0.051293 
0.051373 
0.051451 
0.051528 
0.051604 
0.051679 
0.051753 
0.051825 
0.051896 
0.051966 
0.052034 
0.052102 
0.052168 
0.052233 
0.052296 
0.052359 
0.052420 
0.052480 
0.052538 
0.052595 
0.052651 
0.052706 
0.052760 
0.052812 
0.052863 
0.052912 
0.052960 
0.053007 
0.053053 
0.053097 
0.053140 
0.053182 
0.053223 
0.053262 
0.053299 
0.053336 
0.053371 
0.053405 
0.053437 
0.053468 
0.053498 
0.053526 
0.053554 
0.053579 
0.053604 
0.053627 
0.053648 
0.053669 
0.053688 
0.053705 
0.053722 
0.053737 
0.053750 
0.053763 
0.053773 
0.053783 
0.053791 
0.053798 
0.053803 
0.053807 
0.053810 
0.053812 
0.053812 
0.053810 
0.053807 
0.053803 
0.053798 
0.053791 
0.053783 
0.053773 
0.053763 
0.053750 
0.053737 
0.053722 
0.053705 
0.053688 
0.053669 
0.053648 
0.053627 
0.053604 
0.053579 
0.053554 
0.053526 
0.053498 
0.053468 
0.053437 
0.053405 
0.053371 
0.053336 
0.053299 
0.053262 
0.053223 
0.053182 
0.053140 
0.053097 
0.053053 
0.053007 
0.052960 
0.052912 
0.052863 
0.052812 
0.052760 
0.052706 
0.052651 
0.052595 
0.052538 
0.052480 
0.052420 
0.052359 
0.052296 
0.052233 
0.052168 
0.052102 
0.052034 
0.051966 
0.051896 
0.051825 
0.051753 
0.051679 
0.051604 
0.051528 
0.051451 
0.051373 
0.051293 
0.051213 
0.051131 
0.051048 
0.050963 
0.050878 
0.050791 
0.050703 
0.050615 
0.050524 
0.050433 
0.050341 
0.050248 
0.050153 
0.050057 
0.049960 
0.049863 
0.049764 
0.049663 
0.049562 
0.049460 
0.049357 
0.049252 
0.049147 
0.049040 
0.048933 
0.048824 
0.048715 
0.048604 
0.048493 
0.048380 
0.048266 
0.048152 
0.048036 
0.047920 
0.047802 
0.047684 
0.047564 
0.047444 
0.047322 
0.047200 
0.047077 
0.046953 
0.046828 
0.046702 
0.046575 
0.046448 
0.046319 
0.046190 
0.046059 
0.045928 
0.045796 
0.045664 
0.045530 
0.045395 
0.045260 
0.045124 
0.044987 
0.044850 
0.044711 
0.044572 
0.044432 
0.044292 
0.044150 
0.044008 
0.043865 
0.043722 
0.043577 
0.043432 
0.043287 
0.043141 
0.042994 
0.042846 
0.042698 
0.042549 
0.042399 
0.042249 
0.042098 
0.041947 
0.041795 
0.041642 
0.041489 
0.041335 
0.041181 
0.041026 
0.040871 
0.040715 
0.040558 
0.040401 
0.040244 
0.040086 
0.039927 
0.039768 
0.039609 
0.039449 
0.039289 
0.039128 
0.038967 
0.038805 
0.038643 
0.038481 
0.038318 
0.038155 
0.037991 
0.037827 
0.037663 
0.037498 
0.037333 
0.037168 
0.037002 
0.036836 
0.036670 
0.036504 
0.036337 
0.036170 
0.036002 
0.035835 
0.035667 
0.035499 
0.035330 
0.035162 
0.034993 
0.034824 
0.034655 
0.034486 
0.034316 
0.034147 
0.033977 
0.033807 
0.033637 
0.033466 
0.033296 
0.033125 
0.032955 
0.032784 
0.032613 
0.032443 
0.032272 
0.032101 
0.031930 
0.031759 
0.031587 
0.031416 
0.031245 
0.031074 
0.030903 
0.030732 
0.030561 
0.030389 
0.030218 
0.030047 
0.029876 
0.029705 
0.029535 
0.029364 
0.029193 
0.029022 
0.028852 
0.028682 
0.028511 
0.028341 
0.028171 
0.028001 
0.027831 
0.027662 
0.027492 
0.027323 
0.027154 
0.026985 
0.026816 
0.026648 
0.026479 
0.026311 
0.026143 
0.025976 
0.025808 
0.025641 
0.025474 
0.025307 
0.025141 
0.024975 
0.024809 
0.024643 
0.024478 
0.024313 
0.024148 
0.023984 
0.023820 
0.023656 
0.023492 
0.023329 
0.023166 
0.023004 
0.022842 
0.022680 
0.022519 
0.022358 
0.022197 
0.022037 
0.021877 
0.021718 
0.021559 
0.021400 
0.021242 
0.021084 
0.020927 
0.020770 
0.020613 
0.020457 
0.020302 
0.020147 
0.019992 
0.019838 
0.019684 
0.019531 
0.019378 
0.019225 
0.019074 
0.018922 
0.018771 
0.018621 
0.018471 
0.018322 
0.018173 
0.018025 
0.017877 
0.017730 
0.017583 
0.017437 
0.017291 
0.017146 
0.017001 
0.016857 
0.016714 
0.016571 
0.016429 
0.016287 
0.016146 
0.016005 
0.015865 
0.015725 
0.015587 
0.015448 
0.015311 
0.015174 
0.015037 
0.014901 
0.014766 
0.014631 
0.014497 
0.014364 
0.014231 
0.014099 
0.013967 
0.013836 
0.013706 
0.013576 
0.013447 
0.013318 
0.013191 
0.013063 
0.012937 
0.012811 
0.012686 
0.012561 
0.012437 
0.012314 
0.012191 
0.012069 
0.011948 
0.011827 
0.011707 
0.011588 
0.011469 
0.011351 
0.011234 
0.011117 
0.011001 
0.010886 
0.010772 
0.010658 
0.010544 
0.010432 
0.010320 
0.010209 
0.010098 
0.009988 
0.009879 
0.009771 
0.009663 
0.009556 
0.009449 
0.009344 
0.009239 
0.009134 
0.009031 
0.008928 
0.008825 
0.008724 
0.008623 
0.008523 
0.008423 
0.008325 
0.008226 
0.008129 
0.008032 
0.007936 
0.007841 
0.007747 
0.007653 
0.007560 
0.007467 
0.007375 
0.007284 
0.007194 
0.007104 
0.007015 
0.006927 
0.006839 
0.006752 
0.006666 
0.006581 
0.006496 
0.006412 
0.006329 
0.006246 
0.006164 
0.006083 
0.006002 
0.005922 
0.005843 
0.005765 
0.005687 
0.005610 
0.005533 
0.005458 
0.005383 
0.005308 
0.005235 
0.005162 
0.005089 
0.005018 
0.004947 
0.004877 
0.004807 
0.004739 
0.004671 
0.004603 
0.004536 
0.004470 
0.004405 
0.004340 
0.004276 
0.004213 
0.004151 
0.004089 
0.004027 
0.003967 
0.003907 
0.003848 
0.003789 
0.003731 
0.003674 
0.003618 
0.003562 
0.003507 
0.003452 
0.003399 
0.003345 
0.003293 
0.003241 
0.003190 
0.003140 
0.003090 
0.003041 
0.002992 
0.002944 
0.002897 
0.002851 
0.002805 
0.002760 
0.002715 
0.002672 
0.002628 
0.002586 
0.002544 
0.002503 
0.002462 
0.002422 
0.002383 
0.002345 
0.002307 
0.002269 
0.002233 
0.002197 
0.002162 
0.002127 
0.002093 
0.002059 
0.002027 
0.001995 
0.001963 
0.001932 
0.001902 
0.001873 
0.001844 
0.001815 
0.001788 
0.001761 
0.001734 
0.001709 
0.001684 
0.001659 
0.001635 
0.001612 
0.001590 
0.001568 
0.001547 
0.001526 
0.001506 
0.001487 
0.001468 
0.001450 
0.001432 
0.001415 
0.001399 
0.001384 
0.001369 
0.001354 
0.001341 
0.001327 
0.001315 
0.001303 
0.001292 
0.001281 
0.001271 
0.001262 
0.001253 
0.001245 
0.001238 
0.001231 
0.001225 
0.001219 
0.001214 
0.001210 
0.001206 
0.001203 
0.001200 
0.001199 
0.001197 
0.001197 
