0.006906 
0.006934 
0.006991 
0.007075 
0.007188 
0.007329 
0.007497 
0.007694 
0.007918 
0.008169 
0.008448 
0.008754 
0.009086 
0.009445 
0.009831 
0.010242 
0.010679 
0.011142 
0.011629 
0.012141 
0.012678 
0.013238 
0.013822 
0.014429 
0.015059 
0.015711 
0.016385 
0.017080 
0.017797 
0.018533 
0.019290 
0.020066 
0.020861 
0.021674 
0.022506 
0.023354 
0.024220 
0.025102 
0.026001 
0.026914 
0.027842 
0.028785 
0.029741 
0.030711 
0.031693 
0.032687 
0.033693 
0.034710 
0.035738 
0.036775 
0.037822 
0.038878 
0.039942 
0.041014 
0.042093 
0.043179 
0.044271 
0.045368 
0.046470 
0.047577 
0.048688 
0.049802 
0.050919 
0.052038 
0.053158 
0.054280 
0.055402 
0.056524 
0.057645 
0.058765 
0.059883 
0.060998 
0.062111 
0.063220 
0.064324 
0.065424 
0.066518 
0.067606 
0.068687 
0.069760 
0.070826 
0.071883 
0.072930 
0.073968 
0.074995 
0.076011 
0.077015 
0.078006 
0.078984 
0.079948 
0.080898 
0.081832 
0.082751 
0.083653 
0.084538 
0.085405 
0.086254 
0.087084 
0.087894 
0.088684 
0.089453 
0.090200 
0.090926 
0.091629 
0.092308 
0.092964 
0.093595 
0.094202 
0.094783 
0.095339 
0.095868 
0.096370 
0.096845 
0.097293 
0.097713 
0.098104 
0.098466 
0.098800 
0.099104 
0.099378 
0.099623 
0.099837 
0.100022 
0.100175 
0.100299 
0.100391 
0.100453 
0.100484 
0.100484 
0.100453 
0.100391 
0.100299 
0.100175 
0.100022 
0.099837 
0.099623 
0.099378 
0.099104 
0.098800 
0.098466 
0.098104 
0.097713 
0.097293 
0.096845 
0.096370 
0.095868 
0.095339 
0.094783 
0.094202 
0.093595 
0.092964 
0.092308 
0.091629 
0.090926 
0.090200 
0.089453 
0.088684 
0.087894 
0.087084 
0.086254 
0.085405 
0.084538 
0.083653 
0.082751 
0.081832 
0.080898 
0.079948 
0.078984 
0.078006 
0.077015 
0.076011 
0.074995 
0.073968 
0.072930 
0.071883 
0.070826 
0.069760 
0.068687 
0.067606 
0.066518 
0.065424 
0.064324 
0.063220 
0.062111 
0.060998 
0.059883 
0.058765 
0.057645 
0.056524 
0.055402 
0.054280 
0.053158 
0.052038 
0.050919 
0.049802 
0.048688 
0.047577 
0.046470 
0.045368 
0.044271 
0.043179 
0.042093 
0.041014 
0.039942 
0.038878 
0.037822 
0.036775 
0.035738 
0.034710 
0.033693 
0.032687 
0.031693 
0.030711 
0.029741 
0.028785 
0.027842 
0.026914 
0.026001 
0.025102 
0.024220 
0.023354 
0.022506 
0.021674 
0.020861 
0.020066 
0.019290 
0.018533 
0.017797 
0.017080 
0.016385 
0.015711 
0.015059 
0.014429 
0.013822 
0.013238 
0.012678 
0.012141 
0.011629 
0.011142 
0.010679 
0.010242 
0.009831 
0.009445 
0.009086 
0.008754 
0.008448 
0.008169 
0.007918 
0.007694 
0.007497 
0.007329 
0.007188 
0.007075 
0.006991 
0.006934 
0.006906 
