0.002396 
0.002416 
0.002455 
0.002515 
0.002595 
0.002695 
0.002814 
0.002954 
0.003114 
0.003295 
0.003495 
0.003716 
0.003957 
0.004219 
0.004502 
0.004806 
0.005130 
0.005475 
0.005842 
0.006229 
0.006638 
0.007069 
0.007520 
0.007994 
0.008489 
0.009007 
0.009546 
0.010107 
0.010691 
0.011296 
0.011924 
0.012574 
0.013247 
0.013942 
0.014659 
0.015399 
0.016161 
0.016946 
0.017753 
0.018582 
0.019433 
0.020307 
0.021202 
0.022119 
0.023057 
0.024017 
0.024998 
0.026000 
0.027022 
0.028065 
0.029128 
0.030210 
0.031312 
0.032432 
0.033571 
0.034727 
0.035901 
0.037092 
0.038299 
0.039521 
0.040759 
0.042011 
0.043277 
0.044555 
0.045846 
0.047148 
0.048461 
0.049783 
0.051115 
0.052454 
0.053801 
0.055154 
0.056512 
0.057874 
0.059240 
0.060608 
0.061977 
0.063346 
0.064714 
0.066080 
0.067443 
0.068802 
0.070155 
0.071502 
0.072841 
0.074171 
0.075490 
0.076799 
0.078095 
0.079377 
0.080645 
0.081897 
0.083131 
0.084347 
0.085544 
0.086720 
0.087874 
0.089005 
0.090112 
0.091194 
0.092249 
0.093278 
0.094278 
0.095248 
0.096188 
0.097097 
0.097974 
0.098817 
0.099626 
0.100401 
0.101139 
0.101841 
0.102506 
0.103133 
0.103721 
0.104270 
0.104779 
0.105247 
0.105675 
0.106061 
0.106405 
0.106707 
0.106967 
0.107183 
0.107357 
0.107487 
0.107574 
0.107618 
0.107618 
0.107574 
0.107487 
0.107357 
0.107183 
0.106967 
0.106707 
0.106405 
0.106061 
0.105675 
0.105247 
0.104779 
0.104270 
0.103721 
0.103133 
0.102506 
0.101841 
0.101139 
0.100401 
0.099626 
0.098817 
0.097974 
0.097097 
0.096188 
0.095248 
0.094278 
0.093278 
0.092249 
0.091194 
0.090112 
0.089005 
0.087874 
0.086720 
0.085544 
0.084347 
0.083131 
0.081897 
0.080645 
0.079377 
0.078095 
0.076799 
0.075490 
0.074171 
0.072841 
0.071502 
0.070155 
0.068802 
0.067443 
0.066080 
0.064714 
0.063346 
0.061977 
0.060608 
0.059240 
0.057874 
0.056512 
0.055154 
0.053801 
0.052454 
0.051115 
0.049783 
0.048461 
0.047148 
0.045846 
0.044555 
0.043277 
0.042011 
0.040759 
0.039521 
0.038299 
0.037092 
0.035901 
0.034727 
0.033571 
0.032432 
0.031312 
0.030210 
0.029128 
0.028065 
0.027022 
0.026000 
0.024998 
0.024017 
0.023057 
0.022119 
0.021202 
0.020307 
0.019433 
0.018582 
0.017753 
0.016946 
0.016161 
0.015399 
0.014659 
0.013942 
0.013247 
0.012574 
0.011924 
0.011296 
0.010691 
0.010107 
0.009546 
0.009007 
0.008489 
0.007994 
0.007520 
0.007069 
0.006638 
0.006229 
0.005842 
0.005475 
0.005130 
0.004806 
0.004502 
0.004219 
0.003957 
0.003716 
0.003495 
0.003295 
0.003114 
0.002954 
0.002814 
0.002695 
0.002595 
0.002515 
0.002455 
0.002416 
0.002396 
