0.001596 
0.001596 
0.001596 
0.001597 
0.001597 
0.001598 
0.001599 
0.001600 
0.001601 
0.001602 
0.001603 
0.001605 
0.001607 
0.001608 
0.001610 
0.001612 
0.001615 
0.001617 
0.001619 
0.001622 
0.001625 
0.001628 
0.001631 
0.001634 
0.001637 
0.001641 
0.001644 
0.001648 
0.001652 
0.001656 
0.001660 
0.001665 
0.001669 
0.001674 
0.001678 
0.001683 
0.001688 
0.001693 
0.001699 
0.001704 
0.001710 
0.001715 
0.001721 
0.001727 
0.001733 
0.001739 
0.001746 
0.001752 
0.001759 
0.001766 
0.001773 
0.001780 
0.001787 
0.001794 
0.001802 
0.001809 
0.001817 
0.001825 
0.001833 
0.001841 
0.001850 
0.001858 
0.001867 
0.001875 
0.001884 
0.001893 
0.001902 
0.001912 
0.001921 
0.001931 
0.001940 
0.001950 
0.001960 
0.001970 
0.001980 
0.001991 
0.002001 
0.002012 
0.002023 
0.002034 
0.002045 
0.002056 
0.002067 
0.002079 
0.002090 
0.002102 
0.002114 
0.002126 
0.002138 
0.002150 
0.002163 
0.002175 
0.002188 
0.002201 
0.002214 
0.002227 
0.002240 
0.002253 
0.002267 
0.002280 
0.002294 
0.002308 
0.002322 
0.002336 
0.002351 
0.002365 
0.002380 
0.002394 
0.002409 
0.002424 
0.002439 
0.002455 
0.002470 
0.002485 
0.002501 
0.002517 
0.002533 
0.002549 
0.002565 
0.002581 
0.002598 
0.002614 
0.002631 
0.002648 
0.002665 
0.002682 
0.002699 
0.002717 
0.002734 
0.002752 
0.002770 
0.002787 
0.002806 
0.002824 
0.002842 
0.002860 
0.002879 
0.002898 
0.002917 
0.002936 
0.002955 
0.002974 
0.002993 
0.003013 
0.003032 
0.003052 
0.003072 
0.003092 
0.003112 
0.003132 
0.003153 
0.003173 
0.003194 
0.003215 
0.003236 
0.003257 
0.003278 
0.003299 
0.003321 
0.003342 
0.003364 
0.003386 
0.003408 
0.003430 
0.003452 
0.003474 
0.003497 
0.003519 
0.003542 
0.003565 
0.003588 
0.003611 
0.003634 
0.003658 
0.003681 
0.003705 
0.003729 
0.003752 
0.003776 
0.003801 
0.003825 
0.003849 
0.003874 
0.003898 
0.003923 
0.003948 
0.003973 
0.003998 
0.004023 
0.004049 
0.004074 
0.004100 
0.004126 
0.004152 
0.004178 
0.004204 
0.004230 
0.004256 
0.004283 
0.004309 
0.004336 
0.004363 
0.004390 
0.004417 
0.004444 
0.004472 
0.004499 
0.004527 
0.004555 
0.004582 
0.004610 
0.004638 
0.004667 
0.004695 
0.004723 
0.004752 
0.004781 
0.004810 
0.004838 
0.004868 
0.004897 
0.004926 
0.004955 
0.004985 
0.005015 
0.005044 
0.005074 
0.005104 
0.005134 
0.005165 
0.005195 
0.005226 
0.005256 
0.005287 
0.005318 
0.005349 
0.005380 
0.005411 
0.005442 
0.005474 
0.005505 
0.005537 
0.005569 
0.005601 
0.005633 
0.005665 
0.005697 
0.005729 
0.005762 
0.005794 
0.005827 
0.005860 
0.005893 
0.005926 
0.005959 
0.005992 
0.006026 
0.006059 
0.006093 
0.006126 
0.006160 
0.006194 
0.006228 
0.006262 
0.006297 
0.006331 
0.006366 
0.006400 
0.006435 
0.006470 
0.006505 
0.006540 
0.006575 
0.006610 
0.006646 
0.006681 
0.006717 
0.006752 
0.006788 
0.006824 
0.006860 
0.006896 
0.006933 
0.006969 
0.007005 
0.007042 
0.007079 
0.007115 
0.007152 
0.007189 
0.007226 
0.007264 
0.007301 
0.007338 
0.007376 
0.007414 
0.007451 
0.007489 
0.007527 
0.007565 
0.007603 
0.007642 
0.007680 
0.007718 
0.007757 
0.007796 
0.007834 
0.007873 
0.007912 
0.007951 
0.007990 
0.008030 
0.008069 
0.008109 
0.008148 
0.008188 
0.008228 
0.008267 
0.008307 
0.008348 
0.008388 
0.008428 
0.008468 
0.008509 
0.008549 
0.008590 
0.008631 
0.008672 
0.008713 
0.008754 
0.008795 
0.008836 
0.008877 
0.008919 
0.008960 
0.009002 
0.009044 
0.009085 
0.009127 
0.009169 
0.009211 
0.009254 
0.009296 
0.009338 
0.009381 
0.009423 
0.009466 
0.009509 
0.009552 
0.009594 
0.009637 
0.009681 
0.009724 
0.009767 
0.009810 
0.009854 
0.009897 
0.009941 
0.009985 
0.010028 
0.010072 
0.010116 
0.010160 
0.010205 
0.010249 
0.010293 
0.010338 
0.010382 
0.010427 
0.010471 
0.010516 
0.010561 
0.010606 
0.010651 
0.010696 
0.010741 
0.010786 
0.010832 
0.010877 
0.010923 
0.010968 
0.011014 
0.011060 
0.011105 
0.011151 
0.011197 
0.011243 
0.011289 
0.011336 
0.011382 
0.011428 
0.011475 
0.011521 
0.011568 
0.011615 
0.011661 
0.011708 
0.011755 
0.011802 
0.011849 
0.011896 
0.011944 
0.011991 
0.012038 
0.012086 
0.012133 
0.012181 
0.012228 
0.012276 
0.012324 
0.012372 
0.012420 
0.012468 
0.012516 
0.012564 
0.012612 
0.012660 
0.012709 
0.012757 
0.012806 
0.012854 
0.012903 
0.012952 
0.013000 
0.013049 
0.013098 
0.013147 
0.013196 
0.013245 
0.013294 
0.013344 
0.013393 
0.013442 
0.013492 
0.013541 
0.013591 
0.013640 
0.013690 
0.013740 
0.013789 
0.013839 
0.013889 
0.013939 
0.013989 
0.014039 
0.014089 
0.014139 
0.014190 
0.014240 
0.014290 
0.014341 
0.014391 
0.014442 
0.014492 
0.014543 
0.014594 
0.014644 
0.014695 
0.014746 
0.014797 
0.014848 
0.014899 
0.014950 
0.015001 
0.015052 
0.015104 
0.015155 
0.015206 
0.015258 
0.015309 
0.015360 
0.015412 
0.015463 
0.015515 
0.015567 
0.015618 
0.015670 
0.015722 
0.015774 
0.015826 
0.015878 
0.015930 
0.015982 
0.016034 
0.016086 
0.016138 
0.016190 
0.016242 
0.016295 
0.016347 
0.016399 
0.016452 
0.016504 
0.016556 
0.016609 
0.016661 
0.016714 
0.016767 
0.016819 
0.016872 
0.016925 
0.016977 
0.017030 
0.017083 
0.017136 
0.017189 
0.017242 
0.017295 
0.017348 
0.017401 
0.017454 
0.017507 
0.017560 
0.017613 
0.017666 
0.017719 
0.017773 
0.017826 
0.017879 
0.017932 
0.017986 
0.018039 
0.018092 
0.018146 
0.018199 
0.018253 
0.018306 
0.018360 
0.018413 
0.018467 
0.018520 
0.018574 
0.018627 
0.018681 
0.018735 
0.018788 
0.018842 
0.018896 
0.018949 
0.019003 
0.019057 
0.019111 
0.019164 
0.019218 
0.019272 
0.019326 
0.019380 
0.019434 
0.019487 
0.019541 
0.019595 
0.019649 
0.019703 
0.019757 
0.019811 
0.019865 
0.019919 
0.019973 
0.020027 
0.020081 
0.020134 
0.020188 
0.020242 
0.020296 
0.020350 
0.020404 
0.020458 
0.020512 
0.020566 
0.020620 
0.020674 
0.020728 
0.020782 
0.020836 
0.020890 
0.020944 
0.020998 
0.021052 
0.021106 
0.021160 
0.021214 
0.021268 
0.021322 
0.021376 
0.021430 
0.021484 
0.021538 
0.021592 
0.021646 
0.021700 
0.021754 
0.021808 
0.021862 
0.021915 
0.021969 
0.022023 
0.022077 
0.022131 
0.022185 
0.022238 
0.022292 
0.022346 
0.022400 
0.022453 
0.022507 
0.022561 
0.022615 
0.022668 
0.022722 
0.022775 
0.022829 
0.022883 
0.022936 
0.022990 
0.023043 
0.023097 
0.023150 
0.023204 
0.023257 
0.023310 
0.023364 
0.023417 
0.023470 
0.023524 
0.023577 
0.023630 
0.023683 
0.023737 
0.023790 
0.023843 
0.023896 
0.023949 
0.024002 
0.024055 
0.024108 
0.024161 
0.024214 
0.024266 
0.024319 
0.024372 
0.024425 
0.024477 
0.024530 
0.024583 
0.024635 
0.024688 
0.024740 
0.024793 
0.024845 
0.024897 
0.024950 
0.025002 
0.025054 
0.025106 
0.025158 
0.025211 
0.025263 
0.025315 
0.025366 
0.025418 
0.025470 
0.025522 
0.025574 
0.025625 
0.025677 
0.025729 
0.025780 
0.025832 
0.025883 
0.025934 
0.025986 
0.026037 
0.026088 
0.026139 
0.026190 
0.026241 
0.026292 
0.026343 
0.026394 
0.026445 
0.026496 
0.026546 
0.026597 
0.026647 
0.026698 
0.026748 
0.026799 
0.026849 
0.026899 
0.026949 
0.026999 
0.027049 
0.027099 
0.027149 
0.027199 
0.027249 
0.027298 
0.027348 
0.027398 
0.027447 
0.027496 
0.027546 
0.027595 
0.027644 
0.027693 
0.027742 
0.027791 
0.027840 
0.027889 
0.027937 
0.027986 
0.028035 
0.028083 
0.028131 
0.028180 
0.028228 
0.028276 
0.028324 
0.028372 
0.028420 
0.028468 
0.028515 
0.028563 
0.028610 
0.028658 
0.028705 
0.028753 
0.028800 
0.028847 
0.028894 
0.028941 
0.028987 
0.029034 
0.029081 
0.029127 
0.029174 
0.029220 
0.029266 
0.029313 
0.029359 
0.029405 
0.029450 
0.029496 
0.029542 
0.029587 
0.029633 
0.029678 
0.029724 
0.029769 
0.029814 
0.029859 
0.029904 
0.029948 
0.029993 
0.030038 
0.030082 
0.030126 
0.030171 
0.030215 
0.030259 
0.030303 
0.030346 
0.030390 
0.030434 
0.030477 
0.030520 
0.030564 
0.030607 
0.030650 
0.030693 
0.030736 
0.030778 
0.030821 
0.030863 
0.030906 
0.030948 
0.030990 
0.031032 
0.031074 
0.031115 
0.031157 
0.031199 
0.031240 
0.031281 
0.031322 
0.031363 
0.031404 
0.031445 
0.031486 
0.031526 
0.031567 
0.031607 
0.031647 
0.031687 
0.031727 
0.031767 
0.031806 
0.031846 
0.031885 
0.031924 
0.031963 
0.032002 
0.032041 
0.032080 
0.032119 
0.032157 
0.032195 
0.032234 
0.032272 
0.032309 
0.032347 
0.032385 
0.032422 
0.032460 
0.032497 
0.032534 
0.032571 
0.032608 
0.032645 
0.032681 
0.032717 
0.032754 
0.032790 
0.032826 
0.032862 
0.032897 
0.032933 
0.032968 
0.033003 
0.033039 
0.033073 
0.033108 
0.033143 
0.033177 
0.033212 
0.033246 
0.033280 
0.033314 
0.033348 
0.033381 
0.033415 
0.033448 
0.033481 
0.033514 
0.033547 
0.033580 
0.033612 
0.033645 
0.033677 
0.033709 
0.033741 
0.033773 
0.033805 
0.033836 
0.033867 
0.033898 
0.033929 
0.033960 
0.033991 
0.034021 
0.034052 
0.034082 
0.034112 
0.034142 
0.034172 
0.034201 
0.034231 
0.034260 
0.034289 
0.034318 
0.034347 
0.034375 
0.034403 
0.034432 
0.034460 
0.034488 
0.034515 
0.034543 
0.034570 
0.034598 
0.034625 
0.034652 
0.034678 
0.034705 
0.034731 
0.034758 
0.034784 
0.034809 
0.034835 
0.034861 
0.034886 
0.034911 
0.034936 
0.034961 
0.034986 
0.035010 
0.035035 
0.035059 
0.035083 
0.035107 
0.035130 
0.035154 
0.035177 
0.035200 
0.035223 
0.035246 
0.035268 
0.035291 
0.035313 
0.035335 
0.035357 
0.035378 
0.035400 
0.035421 
0.035442 
0.035463 
0.035484 
0.035505 
0.035525 
0.035545 
0.035565 
0.035585 
0.035605 
0.035624 
0.035644 
0.035663 
0.035682 
0.035701 
0.035719 
0.035738 
0.035756 
0.035774 
0.035792 
0.035809 
0.035827 
0.035844 
0.035861 
0.035878 
0.035895 
0.035911 
0.035928 
0.035944 
0.035960 
0.035976 
0.035991 
0.036007 
0.036022 
0.036037 
0.036052 
0.036066 
0.036081 
0.036095 
0.036109 
0.036123 
0.036137 
0.036150 
0.036164 
0.036177 
0.036190 
0.036202 
0.036215 
0.036227 
0.036239 
0.036251 
0.036263 
0.036275 
0.036286 
0.036297 
0.036308 
0.036319 
0.036330 
0.036340 
0.036350 
0.036360 
0.036370 
0.036380 
0.036389 
0.036399 
0.036408 
0.036417 
0.036425 
0.036434 
0.036442 
0.036450 
0.036458 
0.036466 
0.036473 
0.036481 
0.036488 
0.036495 
0.036501 
0.036508 
0.036514 
0.036520 
0.036526 
0.036532 
0.036537 
0.036543 
0.036548 
0.036553 
0.036558 
0.036562 
0.036567 
0.036571 
0.036575 
0.036578 
0.036582 
0.036585 
0.036588 
0.036591 
0.036594 
0.036597 
0.036599 
0.036601 
0.036603 
0.036605 
0.036607 
0.036608 
0.036609 
0.036610 
0.036611 
0.036612 
0.036612 
0.036612 
0.036612 
0.036612 
0.036612 
0.036611 
0.036610 
0.036609 
0.036608 
0.036607 
0.036605 
0.036603 
0.036601 
0.036599 
0.036597 
0.036594 
0.036591 
0.036588 
0.036585 
0.036582 
0.036578 
0.036575 
0.036571 
0.036567 
0.036562 
0.036558 
0.036553 
0.036548 
0.036543 
0.036537 
0.036532 
0.036526 
0.036520 
0.036514 
0.036508 
0.036501 
0.036495 
0.036488 
0.036481 
0.036473 
0.036466 
0.036458 
0.036450 
0.036442 
0.036434 
0.036425 
0.036417 
0.036408 
0.036399 
0.036389 
0.036380 
0.036370 
0.036360 
0.036350 
0.036340 
0.036330 
0.036319 
0.036308 
0.036297 
0.036286 
0.036275 
0.036263 
0.036251 
0.036239 
0.036227 
0.036215 
0.036202 
0.036190 
0.036177 
0.036164 
0.036150 
0.036137 
0.036123 
0.036109 
0.036095 
0.036081 
0.036066 
0.036052 
0.036037 
0.036022 
0.036007 
0.035991 
0.035976 
0.035960 
0.035944 
0.035928 
0.035911 
0.035895 
0.035878 
0.035861 
0.035844 
0.035827 
0.035809 
0.035792 
0.035774 
0.035756 
0.035738 
0.035719 
0.035701 
0.035682 
0.035663 
0.035644 
0.035624 
0.035605 
0.035585 
0.035565 
0.035545 
0.035525 
0.035505 
0.035484 
0.035463 
0.035442 
0.035421 
0.035400 
0.035378 
0.035357 
0.035335 
0.035313 
0.035291 
0.035268 
0.035246 
0.035223 
0.035200 
0.035177 
0.035154 
0.035130 
0.035107 
0.035083 
0.035059 
0.035035 
0.035010 
0.034986 
0.034961 
0.034936 
0.034911 
0.034886 
0.034861 
0.034835 
0.034809 
0.034784 
0.034758 
0.034731 
0.034705 
0.034678 
0.034652 
0.034625 
0.034598 
0.034570 
0.034543 
0.034515 
0.034488 
0.034460 
0.034432 
0.034403 
0.034375 
0.034347 
0.034318 
0.034289 
0.034260 
0.034231 
0.034201 
0.034172 
0.034142 
0.034112 
0.034082 
0.034052 
0.034021 
0.033991 
0.033960 
0.033929 
0.033898 
0.033867 
0.033836 
0.033805 
0.033773 
0.033741 
0.033709 
0.033677 
0.033645 
0.033612 
0.033580 
0.033547 
0.033514 
0.033481 
0.033448 
0.033415 
0.033381 
0.033348 
0.033314 
0.033280 
0.033246 
0.033212 
0.033177 
0.033143 
0.033108 
0.033073 
0.033039 
0.033003 
0.032968 
0.032933 
0.032897 
0.032862 
0.032826 
0.032790 
0.032754 
0.032717 
0.032681 
0.032645 
0.032608 
0.032571 
0.032534 
0.032497 
0.032460 
0.032422 
0.032385 
0.032347 
0.032309 
0.032272 
0.032234 
0.032195 
0.032157 
0.032119 
0.032080 
0.032041 
0.032002 
0.031963 
0.031924 
0.031885 
0.031846 
0.031806 
0.031767 
0.031727 
0.031687 
0.031647 
0.031607 
0.031567 
0.031526 
0.031486 
0.031445 
0.031404 
0.031363 
0.031322 
0.031281 
0.031240 
0.031199 
0.031157 
0.031115 
0.031074 
0.031032 
0.030990 
0.030948 
0.030906 
0.030863 
0.030821 
0.030778 
0.030736 
0.030693 
0.030650 
0.030607 
0.030564 
0.030520 
0.030477 
0.030434 
0.030390 
0.030346 
0.030303 
0.030259 
0.030215 
0.030171 
0.030126 
0.030082 
0.030038 
0.029993 
0.029948 
0.029904 
0.029859 
0.029814 
0.029769 
0.029724 
0.029678 
0.029633 
0.029587 
0.029542 
0.029496 
0.029450 
0.029405 
0.029359 
0.029313 
0.029266 
0.029220 
0.029174 
0.029127 
0.029081 
0.029034 
0.028987 
0.028941 
0.028894 
0.028847 
0.028800 
0.028753 
0.028705 
0.028658 
0.028610 
0.028563 
0.028515 
0.028468 
0.028420 
0.028372 
0.028324 
0.028276 
0.028228 
0.028180 
0.028131 
0.028083 
0.028035 
0.027986 
0.027937 
0.027889 
0.027840 
0.027791 
0.027742 
0.027693 
0.027644 
0.027595 
0.027546 
0.027496 
0.027447 
0.027398 
0.027348 
0.027298 
0.027249 
0.027199 
0.027149 
0.027099 
0.027049 
0.026999 
0.026949 
0.026899 
0.026849 
0.026799 
0.026748 
0.026698 
0.026647 
0.026597 
0.026546 
0.026496 
0.026445 
0.026394 
0.026343 
0.026292 
0.026241 
0.026190 
0.026139 
0.026088 
0.026037 
0.025986 
0.025934 
0.025883 
0.025832 
0.025780 
0.025729 
0.025677 
0.025625 
0.025574 
0.025522 
0.025470 
0.025418 
0.025366 
0.025315 
0.025263 
0.025211 
0.025158 
0.025106 
0.025054 
0.025002 
0.024950 
0.024897 
0.024845 
0.024793 
0.024740 
0.024688 
0.024635 
0.024583 
0.024530 
0.024477 
0.024425 
0.024372 
0.024319 
0.024266 
0.024214 
0.024161 
0.024108 
0.024055 
0.024002 
0.023949 
0.023896 
0.023843 
0.023790 
0.023737 
0.023683 
0.023630 
0.023577 
0.023524 
0.023470 
0.023417 
0.023364 
0.023310 
0.023257 
0.023204 
0.023150 
0.023097 
0.023043 
0.022990 
0.022936 
0.022883 
0.022829 
0.022775 
0.022722 
0.022668 
0.022615 
0.022561 
0.022507 
0.022453 
0.022400 
0.022346 
0.022292 
0.022238 
0.022185 
0.022131 
0.022077 
0.022023 
0.021969 
0.021915 
0.021862 
0.021808 
0.021754 
0.021700 
0.021646 
0.021592 
0.021538 
0.021484 
0.021430 
0.021376 
0.021322 
0.021268 
0.021214 
0.021160 
0.021106 
0.021052 
0.020998 
0.020944 
0.020890 
0.020836 
0.020782 
0.020728 
0.020674 
0.020620 
0.020566 
0.020512 
0.020458 
0.020404 
0.020350 
0.020296 
0.020242 
0.020188 
0.020134 
0.020081 
0.020027 
0.019973 
0.019919 
0.019865 
0.019811 
0.019757 
0.019703 
0.019649 
0.019595 
0.019541 
0.019487 
0.019434 
0.019380 
0.019326 
0.019272 
0.019218 
0.019164 
0.019111 
0.019057 
0.019003 
0.018949 
0.018896 
0.018842 
0.018788 
0.018735 
0.018681 
0.018627 
0.018574 
0.018520 
0.018467 
0.018413 
0.018360 
0.018306 
0.018253 
0.018199 
0.018146 
0.018092 
0.018039 
0.017986 
0.017932 
0.017879 
0.017826 
0.017773 
0.017719 
0.017666 
0.017613 
0.017560 
0.017507 
0.017454 
0.017401 
0.017348 
0.017295 
0.017242 
0.017189 
0.017136 
0.017083 
0.017030 
0.016977 
0.016925 
0.016872 
0.016819 
0.016767 
0.016714 
0.016661 
0.016609 
0.016556 
0.016504 
0.016452 
0.016399 
0.016347 
0.016295 
0.016242 
0.016190 
0.016138 
0.016086 
0.016034 
0.015982 
0.015930 
0.015878 
0.015826 
0.015774 
0.015722 
0.015670 
0.015618 
0.015567 
0.015515 
0.015463 
0.015412 
0.015360 
0.015309 
0.015258 
0.015206 
0.015155 
0.015104 
0.015052 
0.015001 
0.014950 
0.014899 
0.014848 
0.014797 
0.014746 
0.014695 
0.014644 
0.014594 
0.014543 
0.014492 
0.014442 
0.014391 
0.014341 
0.014290 
0.014240 
0.014190 
0.014139 
0.014089 
0.014039 
0.013989 
0.013939 
0.013889 
0.013839 
0.013789 
0.013740 
0.013690 
0.013640 
0.013591 
0.013541 
0.013492 
0.013442 
0.013393 
0.013344 
0.013294 
0.013245 
0.013196 
0.013147 
0.013098 
0.013049 
0.013000 
0.012952 
0.012903 
0.012854 
0.012806 
0.012757 
0.012709 
0.012660 
0.012612 
0.012564 
0.012516 
0.012468 
0.012420 
0.012372 
0.012324 
0.012276 
0.012228 
0.012181 
0.012133 
0.012086 
0.012038 
0.011991 
0.011944 
0.011896 
0.011849 
0.011802 
0.011755 
0.011708 
0.011661 
0.011615 
0.011568 
0.011521 
0.011475 
0.011428 
0.011382 
0.011336 
0.011289 
0.011243 
0.011197 
0.011151 
0.011105 
0.011060 
0.011014 
0.010968 
0.010923 
0.010877 
0.010832 
0.010786 
0.010741 
0.010696 
0.010651 
0.010606 
0.010561 
0.010516 
0.010471 
0.010427 
0.010382 
0.010338 
0.010293 
0.010249 
0.010205 
0.010160 
0.010116 
0.010072 
0.010028 
0.009985 
0.009941 
0.009897 
0.009854 
0.009810 
0.009767 
0.009724 
0.009681 
0.009637 
0.009594 
0.009552 
0.009509 
0.009466 
0.009423 
0.009381 
0.009338 
0.009296 
0.009254 
0.009211 
0.009169 
0.009127 
0.009085 
0.009044 
0.009002 
0.008960 
0.008919 
0.008877 
0.008836 
0.008795 
0.008754 
0.008713 
0.008672 
0.008631 
0.008590 
0.008549 
0.008509 
0.008468 
0.008428 
0.008388 
0.008348 
0.008307 
0.008267 
0.008228 
0.008188 
0.008148 
0.008109 
0.008069 
0.008030 
0.007990 
0.007951 
0.007912 
0.007873 
0.007834 
0.007796 
0.007757 
0.007718 
0.007680 
0.007642 
0.007603 
0.007565 
0.007527 
0.007489 
0.007451 
0.007414 
0.007376 
0.007338 
0.007301 
0.007264 
0.007226 
0.007189 
0.007152 
0.007115 
0.007079 
0.007042 
0.007005 
0.006969 
0.006933 
0.006896 
0.006860 
0.006824 
0.006788 
0.006752 
0.006717 
0.006681 
0.006646 
0.006610 
0.006575 
0.006540 
0.006505 
0.006470 
0.006435 
0.006400 
0.006366 
0.006331 
0.006297 
0.006262 
0.006228 
0.006194 
0.006160 
0.006126 
0.006093 
0.006059 
0.006026 
0.005992 
0.005959 
0.005926 
0.005893 
0.005860 
0.005827 
0.005794 
0.005762 
0.005729 
0.005697 
0.005665 
0.005633 
0.005601 
0.005569 
0.005537 
0.005505 
0.005474 
0.005442 
0.005411 
0.005380 
0.005349 
0.005318 
0.005287 
0.005256 
0.005226 
0.005195 
0.005165 
0.005134 
0.005104 
0.005074 
0.005044 
0.005015 
0.004985 
0.004955 
0.004926 
0.004897 
0.004868 
0.004838 
0.004810 
0.004781 
0.004752 
0.004723 
0.004695 
0.004667 
0.004638 
0.004610 
0.004582 
0.004555 
0.004527 
0.004499 
0.004472 
0.004444 
0.004417 
0.004390 
0.004363 
0.004336 
0.004309 
0.004283 
0.004256 
0.004230 
0.004204 
0.004178 
0.004152 
0.004126 
0.004100 
0.004074 
0.004049 
0.004023 
0.003998 
0.003973 
0.003948 
0.003923 
0.003898 
0.003874 
0.003849 
0.003825 
0.003801 
0.003776 
0.003752 
0.003729 
0.003705 
0.003681 
0.003658 
0.003634 
0.003611 
0.003588 
0.003565 
0.003542 
0.003519 
0.003497 
0.003474 
0.003452 
0.003430 
0.003408 
0.003386 
0.003364 
0.003342 
0.003321 
0.003299 
0.003278 
0.003257 
0.003236 
0.003215 
0.003194 
0.003173 
0.003153 
0.003132 
0.003112 
0.003092 
0.003072 
0.003052 
0.003032 
0.003013 
0.002993 
0.002974 
0.002955 
0.002936 
0.002917 
0.002898 
0.002879 
0.002860 
0.002842 
0.002824 
0.002806 
0.002787 
0.002770 
0.002752 
0.002734 
0.002717 
0.002699 
0.002682 
0.002665 
0.002648 
0.002631 
0.002614 
0.002598 
0.002581 
0.002565 
0.002549 
0.002533 
0.002517 
0.002501 
0.002485 
0.002470 
0.002455 
0.002439 
0.002424 
0.002409 
0.002394 
0.002380 
0.002365 
0.002351 
0.002336 
0.002322 
0.002308 
0.002294 
0.002280 
0.002267 
0.002253 
0.002240 
0.002227 
0.002214 
0.002201 
0.002188 
0.002175 
0.002163 
0.002150 
0.002138 
0.002126 
0.002114 
0.002102 
0.002090 
0.002079 
0.002067 
0.002056 
0.002045 
0.002034 
0.002023 
0.002012 
0.002001 
0.001991 
0.001980 
0.001970 
0.001960 
0.001950 
0.001940 
0.001931 
0.001921 
0.001912 
0.001902 
0.001893 
0.001884 
0.001875 
0.001867 
0.001858 
0.001850 
0.001841 
0.001833 
0.001825 
0.001817 
0.001809 
0.001802 
0.001794 
0.001787 
0.001780 
0.001773 
0.001766 
0.001759 
0.001752 
0.001746 
0.001739 
0.001733 
0.001727 
0.001721 
0.001715 
0.001710 
0.001704 
0.001699 
0.001693 
0.001688 
0.001683 
0.001678 
0.001674 
0.001669 
0.001665 
0.001660 
0.001656 
0.001652 
0.001648 
0.001644 
0.001641 
0.001637 
0.001634 
0.001631 
0.001628 
0.001625 
0.001622 
0.001619 
0.001617 
0.001615 
0.001612 
0.001610 
0.001608 
0.001607 
0.001605 
0.001603 
0.001602 
0.001601 
0.001600 
0.001599 
0.001598 
0.001597 
0.001597 
0.001596 
0.001596 
0.001596 
