0.000846 
0.000846 
0.000846 
0.000847 
0.000847 
0.000848 
0.000848 
0.000849 
0.000850 
0.000851 
0.000852 
0.000853 
0.000855 
0.000856 
0.000858 
0.000859 
0.000861 
0.000863 
0.000865 
0.000867 
0.000869 
0.000872 
0.000874 
0.000876 
0.000879 
0.000882 
0.000885 
0.000888 
0.000891 
0.000894 
0.000897 
0.000901 
0.000904 
0.000908 
0.000912 
0.000915 
0.000919 
0.000924 
0.000928 
0.000932 
0.000936 
0.000941 
0.000946 
0.000950 
0.000955 
0.000960 
0.000965 
0.000970 
0.000976 
0.000981 
0.000987 
0.000992 
0.000998 
0.001004 
0.001010 
0.001016 
0.001022 
0.001028 
0.001035 
0.001041 
0.001048 
0.001055 
0.001061 
0.001068 
0.001075 
0.001083 
0.001090 
0.001097 
0.001105 
0.001112 
0.001120 
0.001128 
0.001136 
0.001144 
0.001152 
0.001161 
0.001169 
0.001178 
0.001186 
0.001195 
0.001204 
0.001213 
0.001222 
0.001231 
0.001240 
0.001250 
0.001259 
0.001269 
0.001279 
0.001289 
0.001299 
0.001309 
0.001319 
0.001329 
0.001340 
0.001350 
0.001361 
0.001372 
0.001383 
0.001394 
0.001405 
0.001416 
0.001427 
0.001439 
0.001450 
0.001462 
0.001474 
0.001486 
0.001498 
0.001510 
0.001522 
0.001535 
0.001547 
0.001560 
0.001572 
0.001585 
0.001598 
0.001611 
0.001624 
0.001638 
0.001651 
0.001665 
0.001678 
0.001692 
0.001706 
0.001720 
0.001734 
0.001748 
0.001763 
0.001777 
0.001792 
0.001806 
0.001821 
0.001836 
0.001851 
0.001866 
0.001881 
0.001897 
0.001912 
0.001928 
0.001944 
0.001959 
0.001975 
0.001992 
0.002008 
0.002024 
0.002040 
0.002057 
0.002074 
0.002090 
0.002107 
0.002124 
0.002141 
0.002159 
0.002176 
0.002194 
0.002211 
0.002229 
0.002247 
0.002265 
0.002283 
0.002301 
0.002319 
0.002338 
0.002356 
0.002375 
0.002394 
0.002413 
0.002432 
0.002451 
0.002470 
0.002489 
0.002509 
0.002528 
0.002548 
0.002568 
0.002588 
0.002608 
0.002628 
0.002649 
0.002669 
0.002690 
0.002710 
0.002731 
0.002752 
0.002773 
0.002794 
0.002816 
0.002837 
0.002859 
0.002880 
0.002902 
0.002924 
0.002946 
0.002968 
0.002990 
0.003013 
0.003035 
0.003058 
0.003081 
0.003103 
0.003126 
0.003149 
0.003173 
0.003196 
0.003220 
0.003243 
0.003267 
0.003291 
0.003315 
0.003339 
0.003363 
0.003387 
0.003412 
0.003436 
0.003461 
0.003486 
0.003511 
0.003536 
0.003561 
0.003586 
0.003612 
0.003637 
0.003663 
0.003689 
0.003714 
0.003740 
0.003767 
0.003793 
0.003819 
0.003846 
0.003872 
0.003899 
0.003926 
0.003953 
0.003980 
0.004007 
0.004035 
0.004062 
0.004090 
0.004118 
0.004146 
0.004174 
0.004202 
0.004230 
0.004258 
0.004287 
0.004315 
0.004344 
0.004373 
0.004402 
0.004431 
0.004460 
0.004490 
0.004519 
0.004549 
0.004579 
0.004608 
0.004638 
0.004668 
0.004699 
0.004729 
0.004759 
0.004790 
0.004821 
0.004852 
0.004883 
0.004914 
0.004945 
0.004976 
0.005008 
0.005039 
0.005071 
0.005103 
0.005135 
0.005167 
0.005199 
0.005231 
0.005264 
0.005296 
0.005329 
0.005362 
0.005395 
0.005428 
0.005461 
0.005494 
0.005528 
0.005561 
0.005595 
0.005629 
0.005663 
0.005697 
0.005731 
0.005765 
0.005800 
0.005834 
0.005869 
0.005904 
0.005939 
0.005974 
0.006009 
0.006044 
0.006080 
0.006115 
0.006151 
0.006187 
0.006222 
0.006259 
0.006295 
0.006331 
0.006367 
0.006404 
0.006441 
0.006477 
0.006514 
0.006551 
0.006588 
0.006626 
0.006663 
0.006700 
0.006738 
0.006776 
0.006814 
0.006852 
0.006890 
0.006928 
0.006966 
0.007005 
0.007043 
0.007082 
0.007121 
0.007160 
0.007199 
0.007238 
0.007278 
0.007317 
0.007357 
0.007396 
0.007436 
0.007476 
0.007516 
0.007556 
0.007596 
0.007637 
0.007677 
0.007718 
0.007759 
0.007800 
0.007841 
0.007882 
0.007923 
0.007964 
0.008006 
0.008047 
0.008089 
0.008131 
0.008173 
0.008215 
0.008257 
0.008299 
0.008342 
0.008384 
0.008427 
0.008470 
0.008513 
0.008556 
0.008599 
0.008642 
0.008685 
0.008729 
0.008773 
0.008816 
0.008860 
0.008904 
0.008948 
0.008992 
0.009037 
0.009081 
0.009125 
0.009170 
0.009215 
0.009260 
0.009305 
0.009350 
0.009395 
0.009440 
0.009486 
0.009531 
0.009577 
0.009622 
0.009668 
0.009714 
0.009760 
0.009807 
0.009853 
0.009899 
0.009946 
0.009992 
0.010039 
0.010086 
0.010133 
0.010180 
0.010227 
0.010275 
0.010322 
0.010370 
0.010417 
0.010465 
0.010513 
0.010561 
0.010609 
0.010657 
0.010705 
0.010753 
0.010802 
0.010851 
0.010899 
0.010948 
0.010997 
0.011046 
0.011095 
0.011144 
0.011194 
0.011243 
0.011292 
0.011342 
0.011392 
0.011442 
0.011492 
0.011542 
0.011592 
0.011642 
0.011692 
0.011743 
0.011793 
0.011844 
0.011894 
0.011945 
0.011996 
0.012047 
0.012098 
0.012150 
0.012201 
0.012252 
0.012304 
0.012355 
0.012407 
0.012459 
0.012511 
0.012563 
0.012615 
0.012667 
0.012719 
0.012772 
0.012824 
0.012876 
0.012929 
0.012982 
0.013035 
0.013088 
0.013141 
0.013194 
0.013247 
0.013300 
0.013353 
0.013407 
0.013460 
0.013514 
0.013568 
0.013621 
0.013675 
0.013729 
0.013783 
0.013837 
0.013891 
0.013946 
0.014000 
0.014055 
0.014109 
0.014164 
0.014218 
0.014273 
0.014328 
0.014383 
0.014438 
0.014493 
0.014548 
0.014604 
0.014659 
0.014714 
0.014770 
0.014825 
0.014881 
0.014937 
0.014992 
0.015048 
0.015104 
0.015160 
0.015216 
0.015272 
0.015329 
0.015385 
0.015441 
0.015498 
0.015554 
0.015611 
0.015668 
0.015724 
0.015781 
0.015838 
0.015895 
0.015952 
0.016009 
0.016066 
0.016123 
0.016180 
0.016238 
0.016295 
0.016352 
0.016410 
0.016467 
0.016525 
0.016583 
0.016640 
0.016698 
0.016756 
0.016814 
0.016872 
0.016930 
0.016988 
0.017046 
0.017104 
0.017163 
0.017221 
0.017279 
0.017338 
0.017396 
0.017455 
0.017513 
0.017572 
0.017630 
0.017689 
0.017748 
0.017807 
0.017865 
0.017924 
0.017983 
0.018042 
0.018101 
0.018160 
0.018220 
0.018279 
0.018338 
0.018397 
0.018456 
0.018516 
0.018575 
0.018634 
0.018694 
0.018753 
0.018813 
0.018872 
0.018932 
0.018992 
0.019051 
0.019111 
0.019171 
0.019231 
0.019290 
0.019350 
0.019410 
0.019470 
0.019530 
0.019590 
0.019650 
0.019710 
0.019770 
0.019830 
0.019890 
0.019950 
0.020010 
0.020070 
0.020130 
0.020191 
0.020251 
0.020311 
0.020371 
0.020432 
0.020492 
0.020552 
0.020612 
0.020673 
0.020733 
0.020794 
0.020854 
0.020914 
0.020975 
0.021035 
0.021096 
0.021156 
0.021216 
0.021277 
0.021337 
0.021398 
0.021458 
0.021519 
0.021579 
0.021640 
0.021700 
0.021761 
0.021821 
0.021882 
0.021942 
0.022003 
0.022063 
0.022124 
0.022184 
0.022245 
0.022305 
0.022366 
0.022426 
0.022487 
0.022547 
0.022608 
0.022668 
0.022729 
0.022789 
0.022850 
0.022910 
0.022971 
0.023031 
0.023091 
0.023152 
0.023212 
0.023272 
0.023333 
0.023393 
0.023453 
0.023514 
0.023574 
0.023634 
0.023694 
0.023755 
0.023815 
0.023875 
0.023935 
0.023995 
0.024055 
0.024115 
0.024175 
0.024235 
0.024295 
0.024355 
0.024415 
0.024475 
0.024535 
0.024595 
0.024654 
0.024714 
0.024774 
0.024833 
0.024893 
0.024953 
0.025012 
0.025072 
0.025131 
0.025191 
0.025250 
0.025309 
0.025369 
0.025428 
0.025487 
0.025546 
0.025605 
0.025665 
0.025724 
0.025783 
0.025841 
0.025900 
0.025959 
0.026018 
0.026077 
0.026135 
0.026194 
0.026253 
0.026311 
0.026369 
0.026428 
0.026486 
0.026544 
0.026603 
0.026661 
0.026719 
0.026777 
0.026835 
0.026893 
0.026951 
0.027008 
0.027066 
0.027124 
0.027181 
0.027239 
0.027296 
0.027354 
0.027411 
0.027468 
0.027525 
0.027582 
0.027639 
0.027696 
0.027753 
0.027810 
0.027866 
0.027923 
0.027980 
0.028036 
0.028092 
0.028149 
0.028205 
0.028261 
0.028317 
0.028373 
0.028429 
0.028484 
0.028540 
0.028596 
0.028651 
0.028707 
0.028762 
0.028817 
0.028872 
0.028927 
0.028982 
0.029037 
0.029092 
0.029147 
0.029201 
0.029256 
0.029310 
0.029364 
0.029418 
0.029472 
0.029526 
0.029580 
0.029634 
0.029688 
0.029741 
0.029795 
0.029848 
0.029901 
0.029954 
0.030007 
0.030060 
0.030113 
0.030165 
0.030218 
0.030270 
0.030323 
0.030375 
0.030427 
0.030479 
0.030531 
0.030583 
0.030634 
0.030686 
0.030737 
0.030788 
0.030839 
0.030890 
0.030941 
0.030992 
0.031043 
0.031093 
0.031144 
0.031194 
0.031244 
0.031294 
0.031344 
0.031394 
0.031443 
0.031493 
0.031542 
0.031591 
0.031640 
0.031689 
0.031738 
0.031787 
0.031835 
0.031883 
0.031932 
0.031980 
0.032028 
0.032076 
0.032123 
0.032171 
0.032218 
0.032265 
0.032313 
0.032359 
0.032406 
0.032453 
0.032499 
0.032546 
0.032592 
0.032638 
0.032684 
0.032730 
0.032775 
0.032821 
0.032866 
0.032911 
0.032956 
0.033001 
0.033046 
0.033090 
0.033135 
0.033179 
0.033223 
0.033267 
0.033310 
0.033354 
0.033397 
0.033441 
0.033484 
0.033526 
0.033569 
0.033612 
0.033654 
0.033696 
0.033738 
0.033780 
0.033822 
0.033864 
0.033905 
0.033946 
0.033987 
0.034028 
0.034069 
0.034109 
0.034150 
0.034190 
0.034230 
0.034270 
0.034309 
0.034349 
0.034388 
0.034427 
0.034466 
0.034505 
0.034543 
0.034582 
0.034620 
0.034658 
0.034696 
0.034733 
0.034771 
0.034808 
0.034845 
0.034882 
0.034919 
0.034955 
0.034992 
0.035028 
0.035064 
0.035100 
0.035135 
0.035171 
0.035206 
0.035241 
0.035276 
0.035310 
0.035345 
0.035379 
0.035413 
0.035447 
0.035480 
0.035514 
0.035547 
0.035580 
0.035613 
0.035645 
0.035678 
0.035710 
0.035742 
0.035774 
0.035806 
0.035837 
0.035868 
0.035899 
0.035930 
0.035961 
0.035991 
0.036021 
0.036051 
0.036081 
0.036111 
0.036140 
0.036169 
0.036198 
0.036227 
0.036256 
0.036284 
0.036312 
0.036340 
0.036368 
0.036395 
0.036422 
0.036450 
0.036476 
0.036503 
0.036529 
0.036556 
0.036582 
0.036607 
0.036633 
0.036658 
0.036683 
0.036708 
0.036733 
0.036758 
0.036782 
0.036806 
0.036830 
0.036853 
0.036877 
0.036900 
0.036923 
0.036945 
0.036968 
0.036990 
0.037012 
0.037034 
0.037056 
0.037077 
0.037098 
0.037119 
0.037140 
0.037160 
0.037181 
0.037201 
0.037220 
0.037240 
0.037259 
0.037278 
0.037297 
0.037316 
0.037334 
0.037353 
0.037371 
0.037388 
0.037406 
0.037423 
0.037440 
0.037457 
0.037474 
0.037490 
0.037506 
0.037522 
0.037538 
0.037553 
0.037568 
0.037583 
0.037598 
0.037613 
0.037627 
0.037641 
0.037655 
0.037668 
0.037682 
0.037695 
0.037708 
0.037720 
0.037733 
0.037745 
0.037757 
0.037769 
0.037780 
0.037791 
0.037802 
0.037813 
0.037824 
0.037834 
0.037844 
0.037854 
0.037863 
0.037873 
0.037882 
0.037891 
0.037899 
0.037908 
0.037916 
0.037924 
0.037931 
0.037939 
0.037946 
0.037953 
0.037960 
0.037966 
0.037972 
0.037978 
0.037984 
0.037990 
0.037995 
0.038000 
0.038005 
0.038009 
0.038014 
0.038018 
0.038022 
0.038025 
0.038029 
0.038032 
0.038035 
0.038037 
0.038040 
0.038042 
0.038044 
0.038046 
0.038047 
0.038048 
0.038049 
0.038050 
0.038050 
0.038051 
0.038051 
0.038050 
0.038050 
0.038049 
0.038048 
0.038047 
0.038046 
0.038044 
0.038042 
0.038040 
0.038037 
0.038035 
0.038032 
0.038029 
0.038025 
0.038022 
0.038018 
0.038014 
0.038009 
0.038005 
0.038000 
0.037995 
0.037990 
0.037984 
0.037978 
0.037972 
0.037966 
0.037960 
0.037953 
0.037946 
0.037939 
0.037931 
0.037924 
0.037916 
0.037908 
0.037899 
0.037891 
0.037882 
0.037873 
0.037863 
0.037854 
0.037844 
0.037834 
0.037824 
0.037813 
0.037802 
0.037791 
0.037780 
0.037769 
0.037757 
0.037745 
0.037733 
0.037720 
0.037708 
0.037695 
0.037682 
0.037668 
0.037655 
0.037641 
0.037627 
0.037613 
0.037598 
0.037583 
0.037568 
0.037553 
0.037538 
0.037522 
0.037506 
0.037490 
0.037474 
0.037457 
0.037440 
0.037423 
0.037406 
0.037388 
0.037371 
0.037353 
0.037334 
0.037316 
0.037297 
0.037278 
0.037259 
0.037240 
0.037220 
0.037201 
0.037181 
0.037160 
0.037140 
0.037119 
0.037098 
0.037077 
0.037056 
0.037034 
0.037012 
0.036990 
0.036968 
0.036945 
0.036923 
0.036900 
0.036877 
0.036853 
0.036830 
0.036806 
0.036782 
0.036758 
0.036733 
0.036708 
0.036683 
0.036658 
0.036633 
0.036607 
0.036582 
0.036556 
0.036529 
0.036503 
0.036476 
0.036450 
0.036422 
0.036395 
0.036368 
0.036340 
0.036312 
0.036284 
0.036256 
0.036227 
0.036198 
0.036169 
0.036140 
0.036111 
0.036081 
0.036051 
0.036021 
0.035991 
0.035961 
0.035930 
0.035899 
0.035868 
0.035837 
0.035806 
0.035774 
0.035742 
0.035710 
0.035678 
0.035645 
0.035613 
0.035580 
0.035547 
0.035514 
0.035480 
0.035447 
0.035413 
0.035379 
0.035345 
0.035310 
0.035276 
0.035241 
0.035206 
0.035171 
0.035135 
0.035100 
0.035064 
0.035028 
0.034992 
0.034955 
0.034919 
0.034882 
0.034845 
0.034808 
0.034771 
0.034733 
0.034696 
0.034658 
0.034620 
0.034582 
0.034543 
0.034505 
0.034466 
0.034427 
0.034388 
0.034349 
0.034309 
0.034270 
0.034230 
0.034190 
0.034150 
0.034109 
0.034069 
0.034028 
0.033987 
0.033946 
0.033905 
0.033864 
0.033822 
0.033780 
0.033738 
0.033696 
0.033654 
0.033612 
0.033569 
0.033526 
0.033484 
0.033441 
0.033397 
0.033354 
0.033310 
0.033267 
0.033223 
0.033179 
0.033135 
0.033090 
0.033046 
0.033001 
0.032956 
0.032911 
0.032866 
0.032821 
0.032775 
0.032730 
0.032684 
0.032638 
0.032592 
0.032546 
0.032499 
0.032453 
0.032406 
0.032359 
0.032313 
0.032265 
0.032218 
0.032171 
0.032123 
0.032076 
0.032028 
0.031980 
0.031932 
0.031883 
0.031835 
0.031787 
0.031738 
0.031689 
0.031640 
0.031591 
0.031542 
0.031493 
0.031443 
0.031394 
0.031344 
0.031294 
0.031244 
0.031194 
0.031144 
0.031093 
0.031043 
0.030992 
0.030941 
0.030890 
0.030839 
0.030788 
0.030737 
0.030686 
0.030634 
0.030583 
0.030531 
0.030479 
0.030427 
0.030375 
0.030323 
0.030270 
0.030218 
0.030165 
0.030113 
0.030060 
0.030007 
0.029954 
0.029901 
0.029848 
0.029795 
0.029741 
0.029688 
0.029634 
0.029580 
0.029526 
0.029472 
0.029418 
0.029364 
0.029310 
0.029256 
0.029201 
0.029147 
0.029092 
0.029037 
0.028982 
0.028927 
0.028872 
0.028817 
0.028762 
0.028707 
0.028651 
0.028596 
0.028540 
0.028484 
0.028429 
0.028373 
0.028317 
0.028261 
0.028205 
0.028149 
0.028092 
0.028036 
0.027980 
0.027923 
0.027866 
0.027810 
0.027753 
0.027696 
0.027639 
0.027582 
0.027525 
0.027468 
0.027411 
0.027354 
0.027296 
0.027239 
0.027181 
0.027124 
0.027066 
0.027008 
0.026951 
0.026893 
0.026835 
0.026777 
0.026719 
0.026661 
0.026603 
0.026544 
0.026486 
0.026428 
0.026369 
0.026311 
0.026253 
0.026194 
0.026135 
0.026077 
0.026018 
0.025959 
0.025900 
0.025841 
0.025783 
0.025724 
0.025665 
0.025605 
0.025546 
0.025487 
0.025428 
0.025369 
0.025309 
0.025250 
0.025191 
0.025131 
0.025072 
0.025012 
0.024953 
0.024893 
0.024833 
0.024774 
0.024714 
0.024654 
0.024595 
0.024535 
0.024475 
0.024415 
0.024355 
0.024295 
0.024235 
0.024175 
0.024115 
0.024055 
0.023995 
0.023935 
0.023875 
0.023815 
0.023755 
0.023694 
0.023634 
0.023574 
0.023514 
0.023453 
0.023393 
0.023333 
0.023272 
0.023212 
0.023152 
0.023091 
0.023031 
0.022971 
0.022910 
0.022850 
0.022789 
0.022729 
0.022668 
0.022608 
0.022547 
0.022487 
0.022426 
0.022366 
0.022305 
0.022245 
0.022184 
0.022124 
0.022063 
0.022003 
0.021942 
0.021882 
0.021821 
0.021761 
0.021700 
0.021640 
0.021579 
0.021519 
0.021458 
0.021398 
0.021337 
0.021277 
0.021216 
0.021156 
0.021096 
0.021035 
0.020975 
0.020914 
0.020854 
0.020794 
0.020733 
0.020673 
0.020612 
0.020552 
0.020492 
0.020432 
0.020371 
0.020311 
0.020251 
0.020191 
0.020130 
0.020070 
0.020010 
0.019950 
0.019890 
0.019830 
0.019770 
0.019710 
0.019650 
0.019590 
0.019530 
0.019470 
0.019410 
0.019350 
0.019290 
0.019231 
0.019171 
0.019111 
0.019051 
0.018992 
0.018932 
0.018872 
0.018813 
0.018753 
0.018694 
0.018634 
0.018575 
0.018516 
0.018456 
0.018397 
0.018338 
0.018279 
0.018220 
0.018160 
0.018101 
0.018042 
0.017983 
0.017924 
0.017865 
0.017807 
0.017748 
0.017689 
0.017630 
0.017572 
0.017513 
0.017455 
0.017396 
0.017338 
0.017279 
0.017221 
0.017163 
0.017104 
0.017046 
0.016988 
0.016930 
0.016872 
0.016814 
0.016756 
0.016698 
0.016640 
0.016583 
0.016525 
0.016467 
0.016410 
0.016352 
0.016295 
0.016238 
0.016180 
0.016123 
0.016066 
0.016009 
0.015952 
0.015895 
0.015838 
0.015781 
0.015724 
0.015668 
0.015611 
0.015554 
0.015498 
0.015441 
0.015385 
0.015329 
0.015272 
0.015216 
0.015160 
0.015104 
0.015048 
0.014992 
0.014937 
0.014881 
0.014825 
0.014770 
0.014714 
0.014659 
0.014604 
0.014548 
0.014493 
0.014438 
0.014383 
0.014328 
0.014273 
0.014218 
0.014164 
0.014109 
0.014055 
0.014000 
0.013946 
0.013891 
0.013837 
0.013783 
0.013729 
0.013675 
0.013621 
0.013568 
0.013514 
0.013460 
0.013407 
0.013353 
0.013300 
0.013247 
0.013194 
0.013141 
0.013088 
0.013035 
0.012982 
0.012929 
0.012876 
0.012824 
0.012772 
0.012719 
0.012667 
0.012615 
0.012563 
0.012511 
0.012459 
0.012407 
0.012355 
0.012304 
0.012252 
0.012201 
0.012150 
0.012098 
0.012047 
0.011996 
0.011945 
0.011894 
0.011844 
0.011793 
0.011743 
0.011692 
0.011642 
0.011592 
0.011542 
0.011492 
0.011442 
0.011392 
0.011342 
0.011292 
0.011243 
0.011194 
0.011144 
0.011095 
0.011046 
0.010997 
0.010948 
0.010899 
0.010851 
0.010802 
0.010753 
0.010705 
0.010657 
0.010609 
0.010561 
0.010513 
0.010465 
0.010417 
0.010370 
0.010322 
0.010275 
0.010227 
0.010180 
0.010133 
0.010086 
0.010039 
0.009992 
0.009946 
0.009899 
0.009853 
0.009807 
0.009760 
0.009714 
0.009668 
0.009622 
0.009577 
0.009531 
0.009486 
0.009440 
0.009395 
0.009350 
0.009305 
0.009260 
0.009215 
0.009170 
0.009125 
0.009081 
0.009037 
0.008992 
0.008948 
0.008904 
0.008860 
0.008816 
0.008773 
0.008729 
0.008685 
0.008642 
0.008599 
0.008556 
0.008513 
0.008470 
0.008427 
0.008384 
0.008342 
0.008299 
0.008257 
0.008215 
0.008173 
0.008131 
0.008089 
0.008047 
0.008006 
0.007964 
0.007923 
0.007882 
0.007841 
0.007800 
0.007759 
0.007718 
0.007677 
0.007637 
0.007596 
0.007556 
0.007516 
0.007476 
0.007436 
0.007396 
0.007357 
0.007317 
0.007278 
0.007238 
0.007199 
0.007160 
0.007121 
0.007082 
0.007043 
0.007005 
0.006966 
0.006928 
0.006890 
0.006852 
0.006814 
0.006776 
0.006738 
0.006700 
0.006663 
0.006626 
0.006588 
0.006551 
0.006514 
0.006477 
0.006441 
0.006404 
0.006367 
0.006331 
0.006295 
0.006259 
0.006222 
0.006187 
0.006151 
0.006115 
0.006080 
0.006044 
0.006009 
0.005974 
0.005939 
0.005904 
0.005869 
0.005834 
0.005800 
0.005765 
0.005731 
0.005697 
0.005663 
0.005629 
0.005595 
0.005561 
0.005528 
0.005494 
0.005461 
0.005428 
0.005395 
0.005362 
0.005329 
0.005296 
0.005264 
0.005231 
0.005199 
0.005167 
0.005135 
0.005103 
0.005071 
0.005039 
0.005008 
0.004976 
0.004945 
0.004914 
0.004883 
0.004852 
0.004821 
0.004790 
0.004759 
0.004729 
0.004699 
0.004668 
0.004638 
0.004608 
0.004579 
0.004549 
0.004519 
0.004490 
0.004460 
0.004431 
0.004402 
0.004373 
0.004344 
0.004315 
0.004287 
0.004258 
0.004230 
0.004202 
0.004174 
0.004146 
0.004118 
0.004090 
0.004062 
0.004035 
0.004007 
0.003980 
0.003953 
0.003926 
0.003899 
0.003872 
0.003846 
0.003819 
0.003793 
0.003767 
0.003740 
0.003714 
0.003689 
0.003663 
0.003637 
0.003612 
0.003586 
0.003561 
0.003536 
0.003511 
0.003486 
0.003461 
0.003436 
0.003412 
0.003387 
0.003363 
0.003339 
0.003315 
0.003291 
0.003267 
0.003243 
0.003220 
0.003196 
0.003173 
0.003149 
0.003126 
0.003103 
0.003081 
0.003058 
0.003035 
0.003013 
0.002990 
0.002968 
0.002946 
0.002924 
0.002902 
0.002880 
0.002859 
0.002837 
0.002816 
0.002794 
0.002773 
0.002752 
0.002731 
0.002710 
0.002690 
0.002669 
0.002649 
0.002628 
0.002608 
0.002588 
0.002568 
0.002548 
0.002528 
0.002509 
0.002489 
0.002470 
0.002451 
0.002432 
0.002413 
0.002394 
0.002375 
0.002356 
0.002338 
0.002319 
0.002301 
0.002283 
0.002265 
0.002247 
0.002229 
0.002211 
0.002194 
0.002176 
0.002159 
0.002141 
0.002124 
0.002107 
0.002090 
0.002074 
0.002057 
0.002040 
0.002024 
0.002008 
0.001992 
0.001975 
0.001959 
0.001944 
0.001928 
0.001912 
0.001897 
0.001881 
0.001866 
0.001851 
0.001836 
0.001821 
0.001806 
0.001792 
0.001777 
0.001763 
0.001748 
0.001734 
0.001720 
0.001706 
0.001692 
0.001678 
0.001665 
0.001651 
0.001638 
0.001624 
0.001611 
0.001598 
0.001585 
0.001572 
0.001560 
0.001547 
0.001535 
0.001522 
0.001510 
0.001498 
0.001486 
0.001474 
0.001462 
0.001450 
0.001439 
0.001427 
0.001416 
0.001405 
0.001394 
0.001383 
0.001372 
0.001361 
0.001350 
0.001340 
0.001329 
0.001319 
0.001309 
0.001299 
0.001289 
0.001279 
0.001269 
0.001259 
0.001250 
0.001240 
0.001231 
0.001222 
0.001213 
0.001204 
0.001195 
0.001186 
0.001178 
0.001169 
0.001161 
0.001152 
0.001144 
0.001136 
0.001128 
0.001120 
0.001112 
0.001105 
0.001097 
0.001090 
0.001083 
0.001075 
0.001068 
0.001061 
0.001055 
0.001048 
0.001041 
0.001035 
0.001028 
0.001022 
0.001016 
0.001010 
0.001004 
0.000998 
0.000992 
0.000987 
0.000981 
0.000976 
0.000970 
0.000965 
0.000960 
0.000955 
0.000950 
0.000946 
0.000941 
0.000936 
0.000932 
0.000928 
0.000924 
0.000919 
0.000915 
0.000912 
0.000908 
0.000904 
0.000901 
0.000897 
0.000894 
0.000891 
0.000888 
0.000885 
0.000882 
0.000879 
0.000876 
0.000874 
0.000872 
0.000869 
0.000867 
0.000865 
0.000863 
0.000861 
0.000859 
0.000858 
0.000856 
0.000855 
0.000853 
0.000852 
0.000851 
0.000850 
0.000849 
0.000848 
0.000848 
0.000847 
0.000847 
0.000846 
0.000846 
0.000846 
