0.002440 
0.002441 
0.002441 
0.002441 
0.002442 
0.002443 
0.002444 
0.002445 
0.002446 
0.002447 
0.002449 
0.002451 
0.002453 
0.002455 
0.002457 
0.002459 
0.002462 
0.002464 
0.002467 
0.002470 
0.002473 
0.002476 
0.002480 
0.002483 
0.002487 
0.002491 
0.002495 
0.002499 
0.002504 
0.002508 
0.002513 
0.002518 
0.002523 
0.002528 
0.002533 
0.002539 
0.002544 
0.002550 
0.002556 
0.002562 
0.002568 
0.002575 
0.002581 
0.002588 
0.002595 
0.002602 
0.002609 
0.002616 
0.002623 
0.002631 
0.002639 
0.002647 
0.002655 
0.002663 
0.002671 
0.002680 
0.002689 
0.002697 
0.002706 
0.002716 
0.002725 
0.002734 
0.002744 
0.002754 
0.002764 
0.002774 
0.002784 
0.002794 
0.002805 
0.002815 
0.002826 
0.002837 
0.002848 
0.002859 
0.002871 
0.002882 
0.002894 
0.002906 
0.002918 
0.002930 
0.002942 
0.002955 
0.002968 
0.002980 
0.002993 
0.003006 
0.003020 
0.003033 
0.003046 
0.003060 
0.003074 
0.003088 
0.003102 
0.003116 
0.003131 
0.003145 
0.003160 
0.003175 
0.003190 
0.003205 
0.003220 
0.003236 
0.003251 
0.003267 
0.003283 
0.003299 
0.003315 
0.003331 
0.003348 
0.003364 
0.003381 
0.003398 
0.003415 
0.003432 
0.003449 
0.003467 
0.003485 
0.003502 
0.003520 
0.003538 
0.003556 
0.003575 
0.003593 
0.003612 
0.003631 
0.003649 
0.003668 
0.003688 
0.003707 
0.003726 
0.003746 
0.003766 
0.003786 
0.003806 
0.003826 
0.003846 
0.003867 
0.003887 
0.003908 
0.003929 
0.003950 
0.003971 
0.003992 
0.004014 
0.004035 
0.004057 
0.004079 
0.004101 
0.004123 
0.004145 
0.004167 
0.004190 
0.004212 
0.004235 
0.004258 
0.004281 
0.004304 
0.004328 
0.004351 
0.004375 
0.004398 
0.004422 
0.004446 
0.004470 
0.004494 
0.004519 
0.004543 
0.004568 
0.004593 
0.004618 
0.004643 
0.004668 
0.004693 
0.004719 
0.004744 
0.004770 
0.004796 
0.004822 
0.004848 
0.004874 
0.004900 
0.004927 
0.004953 
0.004980 
0.005007 
0.005034 
0.005061 
0.005088 
0.005115 
0.005143 
0.005170 
0.005198 
0.005226 
0.005254 
0.005282 
0.005310 
0.005338 
0.005367 
0.005395 
0.005424 
0.005453 
0.005482 
0.005511 
0.005540 
0.005569 
0.005599 
0.005628 
0.005658 
0.005688 
0.005718 
0.005748 
0.005778 
0.005808 
0.005839 
0.005869 
0.005900 
0.005930 
0.005961 
0.005992 
0.006023 
0.006054 
0.006086 
0.006117 
0.006149 
0.006180 
0.006212 
0.006244 
0.006276 
0.006308 
0.006340 
0.006373 
0.006405 
0.006438 
0.006470 
0.006503 
0.006536 
0.006569 
0.006602 
0.006635 
0.006669 
0.006702 
0.006736 
0.006769 
0.006803 
0.006837 
0.006871 
0.006905 
0.006939 
0.006973 
0.007008 
0.007042 
0.007077 
0.007112 
0.007146 
0.007181 
0.007216 
0.007252 
0.007287 
0.007322 
0.007358 
0.007393 
0.007429 
0.007465 
0.007500 
0.007536 
0.007572 
0.007609 
0.007645 
0.007681 
0.007718 
0.007754 
0.007791 
0.007828 
0.007864 
0.007901 
0.007938 
0.007975 
0.008013 
0.008050 
0.008087 
0.008125 
0.008163 
0.008200 
0.008238 
0.008276 
0.008314 
0.008352 
0.008390 
0.008429 
0.008467 
0.008505 
0.008544 
0.008582 
0.008621 
0.008660 
0.008699 
0.008738 
0.008777 
0.008816 
0.008855 
0.008895 
0.008934 
0.008974 
0.009013 
0.009053 
0.009093 
0.009133 
0.009173 
0.009213 
0.009253 
0.009293 
0.009333 
0.009374 
0.009414 
0.009455 
0.009495 
0.009536 
0.009577 
0.009618 
0.009659 
0.009700 
0.009741 
0.009782 
0.009823 
0.009864 
0.009906 
0.009947 
0.009989 
0.010031 
0.010072 
0.010114 
0.010156 
0.010198 
0.010240 
0.010282 
0.010324 
0.010367 
0.010409 
0.010451 
0.010494 
0.010536 
0.010579 
0.010622 
0.010665 
0.010707 
0.010750 
0.010793 
0.010836 
0.010879 
0.010923 
0.010966 
0.011009 
0.011053 
0.011096 
0.011140 
0.011183 
0.011227 
0.011271 
0.011315 
0.011358 
0.011402 
0.011446 
0.011491 
0.011535 
0.011579 
0.011623 
0.011667 
0.011712 
0.011756 
0.011801 
0.011845 
0.011890 
0.011935 
0.011980 
0.012024 
0.012069 
0.012114 
0.012159 
0.012204 
0.012249 
0.012295 
0.012340 
0.012385 
0.012430 
0.012476 
0.012521 
0.012567 
0.012612 
0.012658 
0.012704 
0.012750 
0.012795 
0.012841 
0.012887 
0.012933 
0.012979 
0.013025 
0.013071 
0.013117 
0.013164 
0.013210 
0.013256 
0.013303 
0.013349 
0.013395 
0.013442 
0.013489 
0.013535 
0.013582 
0.013629 
0.013675 
0.013722 
0.013769 
0.013816 
0.013863 
0.013910 
0.013957 
0.014004 
0.014051 
0.014098 
0.014145 
0.014193 
0.014240 
0.014287 
0.014335 
0.014382 
0.014429 
0.014477 
0.014524 
0.014572 
0.014620 
0.014667 
0.014715 
0.014763 
0.014810 
0.014858 
0.014906 
0.014954 
0.015002 
0.015050 
0.015098 
0.015146 
0.015194 
0.015242 
0.015290 
0.015338 
0.015386 
0.015435 
0.015483 
0.015531 
0.015580 
0.015628 
0.015676 
0.015725 
0.015773 
0.015822 
0.015870 
0.015919 
0.015967 
0.016016 
0.016064 
0.016113 
0.016162 
0.016210 
0.016259 
0.016308 
0.016357 
0.016405 
0.016454 
0.016503 
0.016552 
0.016601 
0.016650 
0.016699 
0.016748 
0.016797 
0.016846 
0.016895 
0.016944 
0.016993 
0.017042 
0.017091 
0.017140 
0.017189 
0.017238 
0.017288 
0.017337 
0.017386 
0.017435 
0.017484 
0.017534 
0.017583 
0.017632 
0.017682 
0.017731 
0.017780 
0.017830 
0.017879 
0.017928 
0.017978 
0.018027 
0.018077 
0.018126 
0.018175 
0.018225 
0.018274 
0.018324 
0.018373 
0.018423 
0.018472 
0.018522 
0.018571 
0.018621 
0.018670 
0.018720 
0.018770 
0.018819 
0.018869 
0.018918 
0.018968 
0.019017 
0.019067 
0.019116 
0.019166 
0.019216 
0.019265 
0.019315 
0.019364 
0.019414 
0.019464 
0.019513 
0.019563 
0.019612 
0.019662 
0.019711 
0.019761 
0.019811 
0.019860 
0.019910 
0.019959 
0.020009 
0.020059 
0.020108 
0.020158 
0.020207 
0.020257 
0.020306 
0.020356 
0.020405 
0.020455 
0.020504 
0.020554 
0.020603 
0.020653 
0.020702 
0.020752 
0.020801 
0.020851 
0.020900 
0.020950 
0.020999 
0.021048 
0.021098 
0.021147 
0.021196 
0.021246 
0.021295 
0.021344 
0.021394 
0.021443 
0.021492 
0.021542 
0.021591 
0.021640 
0.021689 
0.021738 
0.021788 
0.021837 
0.021886 
0.021935 
0.021984 
0.022033 
0.022082 
0.022131 
0.022180 
0.022229 
0.022278 
0.022327 
0.022376 
0.022425 
0.022474 
0.022523 
0.022571 
0.022620 
0.022669 
0.022718 
0.022766 
0.022815 
0.022864 
0.022912 
0.022961 
0.023009 
0.023058 
0.023107 
0.023155 
0.023203 
0.023252 
0.023300 
0.023349 
0.023397 
0.023445 
0.023493 
0.023542 
0.023590 
0.023638 
0.023686 
0.023734 
0.023782 
0.023830 
0.023878 
0.023926 
0.023974 
0.024022 
0.024070 
0.024117 
0.024165 
0.024213 
0.024261 
0.024308 
0.024356 
0.024403 
0.024451 
0.024498 
0.024546 
0.024593 
0.024640 
0.024688 
0.024735 
0.024782 
0.024829 
0.024876 
0.024923 
0.024970 
0.025017 
0.025064 
0.025111 
0.025158 
0.025205 
0.025251 
0.025298 
0.025345 
0.025391 
0.025438 
0.025484 
0.025531 
0.025577 
0.025623 
0.025669 
0.025716 
0.025762 
0.025808 
0.025854 
0.025900 
0.025946 
0.025992 
0.026037 
0.026083 
0.026129 
0.026174 
0.026220 
0.026266 
0.026311 
0.026356 
0.026402 
0.026447 
0.026492 
0.026537 
0.026582 
0.026627 
0.026672 
0.026717 
0.026762 
0.026807 
0.026852 
0.026896 
0.026941 
0.026985 
0.027030 
0.027074 
0.027118 
0.027163 
0.027207 
0.027251 
0.027295 
0.027339 
0.027383 
0.027426 
0.027470 
0.027514 
0.027557 
0.027601 
0.027644 
0.027688 
0.027731 
0.027774 
0.027817 
0.027861 
0.027904 
0.027946 
0.027989 
0.028032 
0.028075 
0.028117 
0.028160 
0.028202 
0.028245 
0.028287 
0.028329 
0.028371 
0.028413 
0.028455 
0.028497 
0.028539 
0.028581 
0.028622 
0.028664 
0.028706 
0.028747 
0.028788 
0.028829 
0.028871 
0.028912 
0.028953 
0.028993 
0.029034 
0.029075 
0.029115 
0.029156 
0.029196 
0.029237 
0.029277 
0.029317 
0.029357 
0.029397 
0.029437 
0.029477 
0.029516 
0.029556 
0.029596 
0.029635 
0.029674 
0.029713 
0.029753 
0.029792 
0.029830 
0.029869 
0.029908 
0.029947 
0.029985 
0.030024 
0.030062 
0.030100 
0.030138 
0.030176 
0.030214 
0.030252 
0.030290 
0.030327 
0.030365 
0.030402 
0.030440 
0.030477 
0.030514 
0.030551 
0.030588 
0.030625 
0.030661 
0.030698 
0.030734 
0.030771 
0.030807 
0.030843 
0.030879 
0.030915 
0.030951 
0.030986 
0.031022 
0.031058 
0.031093 
0.031128 
0.031163 
0.031198 
0.031233 
0.031268 
0.031303 
0.031337 
0.031372 
0.031406 
0.031440 
0.031474 
0.031508 
0.031542 
0.031576 
0.031610 
0.031643 
0.031677 
0.031710 
0.031743 
0.031776 
0.031809 
0.031842 
0.031874 
0.031907 
0.031939 
0.031972 
0.032004 
0.032036 
0.032068 
0.032100 
0.032131 
0.032163 
0.032194 
0.032226 
0.032257 
0.032288 
0.032319 
0.032350 
0.032380 
0.032411 
0.032441 
0.032472 
0.032502 
0.032532 
0.032562 
0.032591 
0.032621 
0.032651 
0.032680 
0.032709 
0.032738 
0.032767 
0.032796 
0.032825 
0.032853 
0.032882 
0.032910 
0.032938 
0.032966 
0.032994 
0.033022 
0.033050 
0.033077 
0.033105 
0.033132 
0.033159 
0.033186 
0.033213 
0.033239 
0.033266 
0.033292 
0.033319 
0.033345 
0.033371 
0.033396 
0.033422 
0.033448 
0.033473 
0.033498 
0.033523 
0.033548 
0.033573 
0.033598 
0.033623 
0.033647 
0.033671 
0.033695 
0.033719 
0.033743 
0.033767 
0.033790 
0.033814 
0.033837 
0.033860 
0.033883 
0.033906 
0.033928 
0.033951 
0.033973 
0.033995 
0.034018 
0.034039 
0.034061 
0.034083 
0.034104 
0.034126 
0.034147 
0.034168 
0.034189 
0.034209 
0.034230 
0.034250 
0.034270 
0.034291 
0.034310 
0.034330 
0.034350 
0.034369 
0.034389 
0.034408 
0.034427 
0.034446 
0.034464 
0.034483 
0.034501 
0.034520 
0.034538 
0.034556 
0.034573 
0.034591 
0.034608 
0.034626 
0.034643 
0.034660 
0.034677 
0.034693 
0.034710 
0.034726 
0.034742 
0.034758 
0.034774 
0.034790 
0.034805 
0.034821 
0.034836 
0.034851 
0.034866 
0.034881 
0.034895 
0.034910 
0.034924 
0.034938 
0.034952 
0.034966 
0.034979 
0.034993 
0.035006 
0.035019 
0.035032 
0.035045 
0.035057 
0.035070 
0.035082 
0.035094 
0.035106 
0.035118 
0.035130 
0.035141 
0.035153 
0.035164 
0.035175 
0.035185 
0.035196 
0.035207 
0.035217 
0.035227 
0.035237 
0.035247 
0.035256 
0.035266 
0.035275 
0.035284 
0.035293 
0.035302 
0.035311 
0.035319 
0.035328 
0.035336 
0.035344 
0.035352 
0.035359 
0.035367 
0.035374 
0.035381 
0.035388 
0.035395 
0.035401 
0.035408 
0.035414 
0.035420 
0.035426 
0.035432 
0.035438 
0.035443 
0.035448 
0.035454 
0.035458 
0.035463 
0.035468 
0.035472 
0.035477 
0.035481 
0.035485 
0.035488 
0.035492 
0.035495 
0.035499 
0.035502 
0.035504 
0.035507 
0.035510 
0.035512 
0.035514 
0.035516 
0.035518 
0.035520 
0.035522 
0.035523 
0.035524 
0.035525 
0.035526 
0.035527 
0.035527 
0.035528 
0.035528 
0.035528 
0.035528 
0.035527 
0.035527 
0.035526 
0.035525 
0.035524 
0.035523 
0.035522 
0.035520 
0.035518 
0.035516 
0.035514 
0.035512 
0.035510 
0.035507 
0.035504 
0.035502 
0.035499 
0.035495 
0.035492 
0.035488 
0.035485 
0.035481 
0.035477 
0.035472 
0.035468 
0.035463 
0.035458 
0.035454 
0.035448 
0.035443 
0.035438 
0.035432 
0.035426 
0.035420 
0.035414 
0.035408 
0.035401 
0.035395 
0.035388 
0.035381 
0.035374 
0.035367 
0.035359 
0.035352 
0.035344 
0.035336 
0.035328 
0.035319 
0.035311 
0.035302 
0.035293 
0.035284 
0.035275 
0.035266 
0.035256 
0.035247 
0.035237 
0.035227 
0.035217 
0.035207 
0.035196 
0.035185 
0.035175 
0.035164 
0.035153 
0.035141 
0.035130 
0.035118 
0.035106 
0.035094 
0.035082 
0.035070 
0.035057 
0.035045 
0.035032 
0.035019 
0.035006 
0.034993 
0.034979 
0.034966 
0.034952 
0.034938 
0.034924 
0.034910 
0.034895 
0.034881 
0.034866 
0.034851 
0.034836 
0.034821 
0.034805 
0.034790 
0.034774 
0.034758 
0.034742 
0.034726 
0.034710 
0.034693 
0.034677 
0.034660 
0.034643 
0.034626 
0.034608 
0.034591 
0.034573 
0.034556 
0.034538 
0.034520 
0.034501 
0.034483 
0.034464 
0.034446 
0.034427 
0.034408 
0.034389 
0.034369 
0.034350 
0.034330 
0.034310 
0.034291 
0.034270 
0.034250 
0.034230 
0.034209 
0.034189 
0.034168 
0.034147 
0.034126 
0.034104 
0.034083 
0.034061 
0.034039 
0.034018 
0.033995 
0.033973 
0.033951 
0.033928 
0.033906 
0.033883 
0.033860 
0.033837 
0.033814 
0.033790 
0.033767 
0.033743 
0.033719 
0.033695 
0.033671 
0.033647 
0.033623 
0.033598 
0.033573 
0.033548 
0.033523 
0.033498 
0.033473 
0.033448 
0.033422 
0.033396 
0.033371 
0.033345 
0.033319 
0.033292 
0.033266 
0.033239 
0.033213 
0.033186 
0.033159 
0.033132 
0.033105 
0.033077 
0.033050 
0.033022 
0.032994 
0.032966 
0.032938 
0.032910 
0.032882 
0.032853 
0.032825 
0.032796 
0.032767 
0.032738 
0.032709 
0.032680 
0.032651 
0.032621 
0.032591 
0.032562 
0.032532 
0.032502 
0.032472 
0.032441 
0.032411 
0.032380 
0.032350 
0.032319 
0.032288 
0.032257 
0.032226 
0.032194 
0.032163 
0.032131 
0.032100 
0.032068 
0.032036 
0.032004 
0.031972 
0.031939 
0.031907 
0.031874 
0.031842 
0.031809 
0.031776 
0.031743 
0.031710 
0.031677 
0.031643 
0.031610 
0.031576 
0.031542 
0.031508 
0.031474 
0.031440 
0.031406 
0.031372 
0.031337 
0.031303 
0.031268 
0.031233 
0.031198 
0.031163 
0.031128 
0.031093 
0.031058 
0.031022 
0.030986 
0.030951 
0.030915 
0.030879 
0.030843 
0.030807 
0.030771 
0.030734 
0.030698 
0.030661 
0.030625 
0.030588 
0.030551 
0.030514 
0.030477 
0.030440 
0.030402 
0.030365 
0.030327 
0.030290 
0.030252 
0.030214 
0.030176 
0.030138 
0.030100 
0.030062 
0.030024 
0.029985 
0.029947 
0.029908 
0.029869 
0.029830 
0.029792 
0.029753 
0.029713 
0.029674 
0.029635 
0.029596 
0.029556 
0.029516 
0.029477 
0.029437 
0.029397 
0.029357 
0.029317 
0.029277 
0.029237 
0.029196 
0.029156 
0.029115 
0.029075 
0.029034 
0.028993 
0.028953 
0.028912 
0.028871 
0.028829 
0.028788 
0.028747 
0.028706 
0.028664 
0.028622 
0.028581 
0.028539 
0.028497 
0.028455 
0.028413 
0.028371 
0.028329 
0.028287 
0.028245 
0.028202 
0.028160 
0.028117 
0.028075 
0.028032 
0.027989 
0.027946 
0.027904 
0.027861 
0.027817 
0.027774 
0.027731 
0.027688 
0.027644 
0.027601 
0.027557 
0.027514 
0.027470 
0.027426 
0.027383 
0.027339 
0.027295 
0.027251 
0.027207 
0.027163 
0.027118 
0.027074 
0.027030 
0.026985 
0.026941 
0.026896 
0.026852 
0.026807 
0.026762 
0.026717 
0.026672 
0.026627 
0.026582 
0.026537 
0.026492 
0.026447 
0.026402 
0.026356 
0.026311 
0.026266 
0.026220 
0.026174 
0.026129 
0.026083 
0.026037 
0.025992 
0.025946 
0.025900 
0.025854 
0.025808 
0.025762 
0.025716 
0.025669 
0.025623 
0.025577 
0.025531 
0.025484 
0.025438 
0.025391 
0.025345 
0.025298 
0.025251 
0.025205 
0.025158 
0.025111 
0.025064 
0.025017 
0.024970 
0.024923 
0.024876 
0.024829 
0.024782 
0.024735 
0.024688 
0.024640 
0.024593 
0.024546 
0.024498 
0.024451 
0.024403 
0.024356 
0.024308 
0.024261 
0.024213 
0.024165 
0.024117 
0.024070 
0.024022 
0.023974 
0.023926 
0.023878 
0.023830 
0.023782 
0.023734 
0.023686 
0.023638 
0.023590 
0.023542 
0.023493 
0.023445 
0.023397 
0.023349 
0.023300 
0.023252 
0.023203 
0.023155 
0.023107 
0.023058 
0.023009 
0.022961 
0.022912 
0.022864 
0.022815 
0.022766 
0.022718 
0.022669 
0.022620 
0.022571 
0.022523 
0.022474 
0.022425 
0.022376 
0.022327 
0.022278 
0.022229 
0.022180 
0.022131 
0.022082 
0.022033 
0.021984 
0.021935 
0.021886 
0.021837 
0.021788 
0.021738 
0.021689 
0.021640 
0.021591 
0.021542 
0.021492 
0.021443 
0.021394 
0.021344 
0.021295 
0.021246 
0.021196 
0.021147 
0.021098 
0.021048 
0.020999 
0.020950 
0.020900 
0.020851 
0.020801 
0.020752 
0.020702 
0.020653 
0.020603 
0.020554 
0.020504 
0.020455 
0.020405 
0.020356 
0.020306 
0.020257 
0.020207 
0.020158 
0.020108 
0.020059 
0.020009 
0.019959 
0.019910 
0.019860 
0.019811 
0.019761 
0.019711 
0.019662 
0.019612 
0.019563 
0.019513 
0.019464 
0.019414 
0.019364 
0.019315 
0.019265 
0.019216 
0.019166 
0.019116 
0.019067 
0.019017 
0.018968 
0.018918 
0.018869 
0.018819 
0.018770 
0.018720 
0.018670 
0.018621 
0.018571 
0.018522 
0.018472 
0.018423 
0.018373 
0.018324 
0.018274 
0.018225 
0.018175 
0.018126 
0.018077 
0.018027 
0.017978 
0.017928 
0.017879 
0.017830 
0.017780 
0.017731 
0.017682 
0.017632 
0.017583 
0.017534 
0.017484 
0.017435 
0.017386 
0.017337 
0.017288 
0.017238 
0.017189 
0.017140 
0.017091 
0.017042 
0.016993 
0.016944 
0.016895 
0.016846 
0.016797 
0.016748 
0.016699 
0.016650 
0.016601 
0.016552 
0.016503 
0.016454 
0.016405 
0.016357 
0.016308 
0.016259 
0.016210 
0.016162 
0.016113 
0.016064 
0.016016 
0.015967 
0.015919 
0.015870 
0.015822 
0.015773 
0.015725 
0.015676 
0.015628 
0.015580 
0.015531 
0.015483 
0.015435 
0.015386 
0.015338 
0.015290 
0.015242 
0.015194 
0.015146 
0.015098 
0.015050 
0.015002 
0.014954 
0.014906 
0.014858 
0.014810 
0.014763 
0.014715 
0.014667 
0.014620 
0.014572 
0.014524 
0.014477 
0.014429 
0.014382 
0.014335 
0.014287 
0.014240 
0.014193 
0.014145 
0.014098 
0.014051 
0.014004 
0.013957 
0.013910 
0.013863 
0.013816 
0.013769 
0.013722 
0.013675 
0.013629 
0.013582 
0.013535 
0.013489 
0.013442 
0.013395 
0.013349 
0.013303 
0.013256 
0.013210 
0.013164 
0.013117 
0.013071 
0.013025 
0.012979 
0.012933 
0.012887 
0.012841 
0.012795 
0.012750 
0.012704 
0.012658 
0.012612 
0.012567 
0.012521 
0.012476 
0.012430 
0.012385 
0.012340 
0.012295 
0.012249 
0.012204 
0.012159 
0.012114 
0.012069 
0.012024 
0.011980 
0.011935 
0.011890 
0.011845 
0.011801 
0.011756 
0.011712 
0.011667 
0.011623 
0.011579 
0.011535 
0.011491 
0.011446 
0.011402 
0.011358 
0.011315 
0.011271 
0.011227 
0.011183 
0.011140 
0.011096 
0.011053 
0.011009 
0.010966 
0.010923 
0.010879 
0.010836 
0.010793 
0.010750 
0.010707 
0.010665 
0.010622 
0.010579 
0.010536 
0.010494 
0.010451 
0.010409 
0.010367 
0.010324 
0.010282 
0.010240 
0.010198 
0.010156 
0.010114 
0.010072 
0.010031 
0.009989 
0.009947 
0.009906 
0.009864 
0.009823 
0.009782 
0.009741 
0.009700 
0.009659 
0.009618 
0.009577 
0.009536 
0.009495 
0.009455 
0.009414 
0.009374 
0.009333 
0.009293 
0.009253 
0.009213 
0.009173 
0.009133 
0.009093 
0.009053 
0.009013 
0.008974 
0.008934 
0.008895 
0.008855 
0.008816 
0.008777 
0.008738 
0.008699 
0.008660 
0.008621 
0.008582 
0.008544 
0.008505 
0.008467 
0.008429 
0.008390 
0.008352 
0.008314 
0.008276 
0.008238 
0.008200 
0.008163 
0.008125 
0.008087 
0.008050 
0.008013 
0.007975 
0.007938 
0.007901 
0.007864 
0.007828 
0.007791 
0.007754 
0.007718 
0.007681 
0.007645 
0.007609 
0.007572 
0.007536 
0.007500 
0.007465 
0.007429 
0.007393 
0.007358 
0.007322 
0.007287 
0.007252 
0.007216 
0.007181 
0.007146 
0.007112 
0.007077 
0.007042 
0.007008 
0.006973 
0.006939 
0.006905 
0.006871 
0.006837 
0.006803 
0.006769 
0.006736 
0.006702 
0.006669 
0.006635 
0.006602 
0.006569 
0.006536 
0.006503 
0.006470 
0.006438 
0.006405 
0.006373 
0.006340 
0.006308 
0.006276 
0.006244 
0.006212 
0.006180 
0.006149 
0.006117 
0.006086 
0.006054 
0.006023 
0.005992 
0.005961 
0.005930 
0.005900 
0.005869 
0.005839 
0.005808 
0.005778 
0.005748 
0.005718 
0.005688 
0.005658 
0.005628 
0.005599 
0.005569 
0.005540 
0.005511 
0.005482 
0.005453 
0.005424 
0.005395 
0.005367 
0.005338 
0.005310 
0.005282 
0.005254 
0.005226 
0.005198 
0.005170 
0.005143 
0.005115 
0.005088 
0.005061 
0.005034 
0.005007 
0.004980 
0.004953 
0.004927 
0.004900 
0.004874 
0.004848 
0.004822 
0.004796 
0.004770 
0.004744 
0.004719 
0.004693 
0.004668 
0.004643 
0.004618 
0.004593 
0.004568 
0.004543 
0.004519 
0.004494 
0.004470 
0.004446 
0.004422 
0.004398 
0.004375 
0.004351 
0.004328 
0.004304 
0.004281 
0.004258 
0.004235 
0.004212 
0.004190 
0.004167 
0.004145 
0.004123 
0.004101 
0.004079 
0.004057 
0.004035 
0.004014 
0.003992 
0.003971 
0.003950 
0.003929 
0.003908 
0.003887 
0.003867 
0.003846 
0.003826 
0.003806 
0.003786 
0.003766 
0.003746 
0.003726 
0.003707 
0.003688 
0.003668 
0.003649 
0.003631 
0.003612 
0.003593 
0.003575 
0.003556 
0.003538 
0.003520 
0.003502 
0.003485 
0.003467 
0.003449 
0.003432 
0.003415 
0.003398 
0.003381 
0.003364 
0.003348 
0.003331 
0.003315 
0.003299 
0.003283 
0.003267 
0.003251 
0.003236 
0.003220 
0.003205 
0.003190 
0.003175 
0.003160 
0.003145 
0.003131 
0.003116 
0.003102 
0.003088 
0.003074 
0.003060 
0.003046 
0.003033 
0.003020 
0.003006 
0.002993 
0.002980 
0.002968 
0.002955 
0.002942 
0.002930 
0.002918 
0.002906 
0.002894 
0.002882 
0.002871 
0.002859 
0.002848 
0.002837 
0.002826 
0.002815 
0.002805 
0.002794 
0.002784 
0.002774 
0.002764 
0.002754 
0.002744 
0.002734 
0.002725 
0.002716 
0.002706 
0.002697 
0.002689 
0.002680 
0.002671 
0.002663 
0.002655 
0.002647 
0.002639 
0.002631 
0.002623 
0.002616 
0.002609 
0.002602 
0.002595 
0.002588 
0.002581 
0.002575 
0.002568 
0.002562 
0.002556 
0.002550 
0.002544 
0.002539 
0.002533 
0.002528 
0.002523 
0.002518 
0.002513 
0.002508 
0.002504 
0.002499 
0.002495 
0.002491 
0.002487 
0.002483 
0.002480 
0.002476 
0.002473 
0.002470 
0.002467 
0.002464 
0.002462 
0.002459 
0.002457 
0.002455 
0.002453 
0.002451 
0.002449 
0.002447 
0.002446 
0.002445 
0.002444 
0.002443 
0.002442 
0.002441 
0.002441 
0.002441 
0.002440 
