0.003189 
0.003211 
0.003256 
0.003323 
0.003412 
0.003523 
0.003657 
0.003813 
0.003992 
0.004192 
0.004415 
0.004661 
0.004929 
0.005219 
0.005531 
0.005866 
0.006223 
0.006603 
0.007005 
0.007429 
0.007876 
0.008345 
0.008836 
0.009350 
0.009886 
0.010444 
0.011024 
0.011626 
0.012251 
0.012897 
0.013565 
0.014256 
0.014967 
0.015701 
0.016456 
0.017232 
0.018029 
0.018848 
0.019687 
0.020547 
0.021427 
0.022327 
0.023247 
0.024187 
0.025147 
0.026125 
0.027122 
0.028138 
0.029171 
0.030223 
0.031291 
0.032376 
0.033478 
0.034596 
0.035729 
0.036877 
0.038039 
0.039215 
0.040404 
0.041606 
0.042820 
0.044045 
0.045281 
0.046526 
0.047781 
0.049045 
0.050316 
0.051594 
0.052878 
0.054168 
0.055462 
0.056760 
0.058061 
0.059363 
0.060667 
0.061970 
0.063273 
0.064574 
0.065872 
0.067166 
0.068455 
0.069739 
0.071015 
0.072284 
0.073544 
0.074794 
0.076034 
0.077261 
0.078475 
0.079676 
0.080861 
0.082030 
0.083182 
0.084316 
0.085431 
0.086526 
0.087599 
0.088651 
0.089679 
0.090683 
0.091662 
0.092615 
0.093542 
0.094440 
0.095310 
0.096151 
0.096961 
0.097740 
0.098488 
0.099202 
0.099884 
0.100532 
0.101145 
0.101722 
0.102264 
0.102770 
0.103239 
0.103670 
0.104063 
0.104419 
0.104736 
0.105014 
0.105252 
0.105452 
0.105611 
0.105731 
0.105811 
0.105851 
0.105851 
0.105811 
0.105731 
0.105611 
0.105452 
0.105252 
0.105014 
0.104736 
0.104419 
0.104063 
0.103670 
0.103239 
0.102770 
0.102264 
0.101722 
0.101145 
0.100532 
0.099884 
0.099202 
0.098488 
0.097740 
0.096961 
0.096151 
0.095310 
0.094440 
0.093542 
0.092615 
0.091662 
0.090683 
0.089679 
0.088651 
0.087599 
0.086526 
0.085431 
0.084316 
0.083182 
0.082030 
0.080861 
0.079676 
0.078475 
0.077261 
0.076034 
0.074794 
0.073544 
0.072284 
0.071015 
0.069739 
0.068455 
0.067166 
0.065872 
0.064574 
0.063273 
0.061970 
0.060667 
0.059363 
0.058061 
0.056760 
0.055462 
0.054168 
0.052878 
0.051594 
0.050316 
0.049045 
0.047781 
0.046526 
0.045281 
0.044045 
0.042820 
0.041606 
0.040404 
0.039215 
0.038039 
0.036877 
0.035729 
0.034596 
0.033478 
0.032376 
0.031291 
0.030223 
0.029171 
0.028138 
0.027122 
0.026125 
0.025147 
0.024187 
0.023247 
0.022327 
0.021427 
0.020547 
0.019687 
0.018848 
0.018029 
0.017232 
0.016456 
0.015701 
0.014967 
0.014256 
0.013565 
0.012897 
0.012251 
0.011626 
0.011024 
0.010444 
0.009886 
0.009350 
0.008836 
0.008345 
0.007876 
0.007429 
0.007005 
0.006603 
0.006223 
0.005866 
0.005531 
0.005219 
0.004929 
0.004661 
0.004415 
0.004192 
0.003992 
0.003813 
0.003657 
0.003523 
0.003412 
0.003323 
0.003256 
0.003211 
0.003189 
