0.004102 
0.004102 
0.004102 
0.004103 
0.004104 
0.004104 
0.004105 
0.004107 
0.004108 
0.004109 
0.004111 
0.004113 
0.004115 
0.004117 
0.004119 
0.004122 
0.004125 
0.004127 
0.004130 
0.004134 
0.004137 
0.004140 
0.004144 
0.004148 
0.004152 
0.004156 
0.004160 
0.004165 
0.004170 
0.004174 
0.004179 
0.004185 
0.004190 
0.004195 
0.004201 
0.004207 
0.004213 
0.004219 
0.004225 
0.004232 
0.004238 
0.004245 
0.004252 
0.004259 
0.004267 
0.004274 
0.004282 
0.004289 
0.004297 
0.004306 
0.004314 
0.004322 
0.004331 
0.004340 
0.004349 
0.004358 
0.004367 
0.004376 
0.004386 
0.004396 
0.004406 
0.004416 
0.004426 
0.004436 
0.004447 
0.004457 
0.004468 
0.004479 
0.004491 
0.004502 
0.004513 
0.004525 
0.004537 
0.004549 
0.004561 
0.004573 
0.004586 
0.004598 
0.004611 
0.004624 
0.004637 
0.004650 
0.004664 
0.004677 
0.004691 
0.004705 
0.004719 
0.004733 
0.004748 
0.004762 
0.004777 
0.004792 
0.004807 
0.004822 
0.004837 
0.004852 
0.004868 
0.004884 
0.004900 
0.004916 
0.004932 
0.004948 
0.004965 
0.004981 
0.004998 
0.005015 
0.005032 
0.005050 
0.005067 
0.005084 
0.005102 
0.005120 
0.005138 
0.005156 
0.005175 
0.005193 
0.005212 
0.005230 
0.005249 
0.005268 
0.005287 
0.005307 
0.005326 
0.005346 
0.005366 
0.005386 
0.005406 
0.005426 
0.005446 
0.005467 
0.005487 
0.005508 
0.005529 
0.005550 
0.005571 
0.005593 
0.005614 
0.005636 
0.005658 
0.005680 
0.005702 
0.005724 
0.005746 
0.005769 
0.005791 
0.005814 
0.005837 
0.005860 
0.005883 
0.005906 
0.005930 
0.005953 
0.005977 
0.006001 
0.006025 
0.006049 
0.006073 
0.006098 
0.006122 
0.006147 
0.006172 
0.006197 
0.006222 
0.006247 
0.006272 
0.006298 
0.006323 
0.006349 
0.006375 
0.006401 
0.006427 
0.006453 
0.006479 
0.006506 
0.006532 
0.006559 
0.006586 
0.006613 
0.006640 
0.006667 
0.006695 
0.006722 
0.006750 
0.006777 
0.006805 
0.006833 
0.006861 
0.006889 
0.006918 
0.006946 
0.006975 
0.007003 
0.007032 
0.007061 
0.007090 
0.007119 
0.007149 
0.007178 
0.007208 
0.007237 
0.007267 
0.007297 
0.007327 
0.007357 
0.007387 
0.007417 
0.007448 
0.007478 
0.007509 
0.007540 
0.007571 
0.007602 
0.007633 
0.007664 
0.007695 
0.007727 
0.007758 
0.007790 
0.007822 
0.007854 
0.007886 
0.007918 
0.007950 
0.007982 
0.008014 
0.008047 
0.008080 
0.008112 
0.008145 
0.008178 
0.008211 
0.008244 
0.008277 
0.008311 
0.008344 
0.008378 
0.008411 
0.008445 
0.008479 
0.008513 
0.008547 
0.008581 
0.008615 
0.008649 
0.008684 
0.008718 
0.008753 
0.008787 
0.008822 
0.008857 
0.008892 
0.008927 
0.008962 
0.008997 
0.009033 
0.009068 
0.009104 
0.009139 
0.009175 
0.009211 
0.009246 
0.009282 
0.009318 
0.009354 
0.009391 
0.009427 
0.009463 
0.009500 
0.009536 
0.009573 
0.009610 
0.009646 
0.009683 
0.009720 
0.009757 
0.009794 
0.009832 
0.009869 
0.009906 
0.009944 
0.009981 
0.010019 
0.010056 
0.010094 
0.010132 
0.010170 
0.010208 
0.010246 
0.010284 
0.010322 
0.010361 
0.010399 
0.010437 
0.010476 
0.010514 
0.010553 
0.010592 
0.010630 
0.010669 
0.010708 
0.010747 
0.010786 
0.010825 
0.010865 
0.010904 
0.010943 
0.010982 
0.011022 
0.011061 
0.011101 
0.011141 
0.011180 
0.011220 
0.011260 
0.011300 
0.011340 
0.011380 
0.011420 
0.011460 
0.011500 
0.011541 
0.011581 
0.011621 
0.011662 
0.011702 
0.011743 
0.011783 
0.011824 
0.011865 
0.011905 
0.011946 
0.011987 
0.012028 
0.012069 
0.012110 
0.012151 
0.012192 
0.012234 
0.012275 
0.012316 
0.012358 
0.012399 
0.012440 
0.012482 
0.012523 
0.012565 
0.012607 
0.012648 
0.012690 
0.012732 
0.012774 
0.012816 
0.012858 
0.012900 
0.012942 
0.012984 
0.013026 
0.013068 
0.013110 
0.013152 
0.013195 
0.013237 
0.013279 
0.013322 
0.013364 
0.013407 
0.013449 
0.013492 
0.013534 
0.013577 
0.013620 
0.013662 
0.013705 
0.013748 
0.013791 
0.013833 
0.013876 
0.013919 
0.013962 
0.014005 
0.014048 
0.014091 
0.014134 
0.014177 
0.014221 
0.014264 
0.014307 
0.014350 
0.014393 
0.014437 
0.014480 
0.014523 
0.014567 
0.014610 
0.014654 
0.014697 
0.014741 
0.014784 
0.014828 
0.014871 
0.014915 
0.014958 
0.015002 
0.015046 
0.015089 
0.015133 
0.015177 
0.015221 
0.015264 
0.015308 
0.015352 
0.015396 
0.015440 
0.015484 
0.015528 
0.015571 
0.015615 
0.015659 
0.015703 
0.015747 
0.015791 
0.015835 
0.015879 
0.015923 
0.015968 
0.016012 
0.016056 
0.016100 
0.016144 
0.016188 
0.016232 
0.016276 
0.016321 
0.016365 
0.016409 
0.016453 
0.016498 
0.016542 
0.016586 
0.016630 
0.016675 
0.016719 
0.016763 
0.016807 
0.016852 
0.016896 
0.016940 
0.016985 
0.017029 
0.017073 
0.017118 
0.017162 
0.017206 
0.017251 
0.017295 
0.017340 
0.017384 
0.017428 
0.017473 
0.017517 
0.017562 
0.017606 
0.017650 
0.017695 
0.017739 
0.017784 
0.017828 
0.017872 
0.017917 
0.017961 
0.018006 
0.018050 
0.018094 
0.018139 
0.018183 
0.018227 
0.018272 
0.018316 
0.018361 
0.018405 
0.018449 
0.018494 
0.018538 
0.018582 
0.018627 
0.018671 
0.018715 
0.018760 
0.018804 
0.018848 
0.018893 
0.018937 
0.018981 
0.019026 
0.019070 
0.019114 
0.019158 
0.019203 
0.019247 
0.019291 
0.019335 
0.019380 
0.019424 
0.019468 
0.019512 
0.019556 
0.019600 
0.019645 
0.019689 
0.019733 
0.019777 
0.019821 
0.019865 
0.019909 
0.019953 
0.019997 
0.020041 
0.020085 
0.020129 
0.020173 
0.020217 
0.020261 
0.020305 
0.020349 
0.020393 
0.020436 
0.020480 
0.020524 
0.020568 
0.020612 
0.020655 
0.020699 
0.020743 
0.020787 
0.020830 
0.020874 
0.020918 
0.020961 
0.021005 
0.021048 
0.021092 
0.021135 
0.021179 
0.021222 
0.021266 
0.021309 
0.021353 
0.021396 
0.021439 
0.021483 
0.021526 
0.021569 
0.021612 
0.021656 
0.021699 
0.021742 
0.021785 
0.021828 
0.021871 
0.021914 
0.021957 
0.022000 
0.022043 
0.022086 
0.022129 
0.022172 
0.022215 
0.022257 
0.022300 
0.022343 
0.022386 
0.022428 
0.022471 
0.022514 
0.022556 
0.022599 
0.022641 
0.022684 
0.022726 
0.022769 
0.022811 
0.022853 
0.022896 
0.022938 
0.022980 
0.023022 
0.023065 
0.023107 
0.023149 
0.023191 
0.023233 
0.023275 
0.023317 
0.023359 
0.023400 
0.023442 
0.023484 
0.023526 
0.023568 
0.023609 
0.023651 
0.023692 
0.023734 
0.023775 
0.023817 
0.023858 
0.023900 
0.023941 
0.023982 
0.024024 
0.024065 
0.024106 
0.024147 
0.024188 
0.024229 
0.024270 
0.024311 
0.024352 
0.024393 
0.024434 
0.024474 
0.024515 
0.024556 
0.024596 
0.024637 
0.024677 
0.024718 
0.024758 
0.024799 
0.024839 
0.024879 
0.024919 
0.024960 
0.025000 
0.025040 
0.025080 
0.025120 
0.025160 
0.025200 
0.025240 
0.025279 
0.025319 
0.025359 
0.025398 
0.025438 
0.025477 
0.025517 
0.025556 
0.025596 
0.025635 
0.025674 
0.025713 
0.025752 
0.025791 
0.025831 
0.025869 
0.025908 
0.025947 
0.025986 
0.026025 
0.026063 
0.026102 
0.026141 
0.026179 
0.026218 
0.026256 
0.026294 
0.026333 
0.026371 
0.026409 
0.026447 
0.026485 
0.026523 
0.026561 
0.026599 
0.026636 
0.026674 
0.026712 
0.026749 
0.026787 
0.026824 
0.026862 
0.026899 
0.026936 
0.026974 
0.027011 
0.027048 
0.027085 
0.027122 
0.027159 
0.027196 
0.027232 
0.027269 
0.027306 
0.027342 
0.027379 
0.027415 
0.027451 
0.027488 
0.027524 
0.027560 
0.027596 
0.027632 
0.027668 
0.027704 
0.027740 
0.027775 
0.027811 
0.027846 
0.027882 
0.027917 
0.027953 
0.027988 
0.028023 
0.028058 
0.028093 
0.028128 
0.028163 
0.028198 
0.028233 
0.028268 
0.028302 
0.028337 
0.028371 
0.028406 
0.028440 
0.028474 
0.028508 
0.028542 
0.028576 
0.028610 
0.028644 
0.028678 
0.028712 
0.028745 
0.028779 
0.028812 
0.028846 
0.028879 
0.028912 
0.028945 
0.028978 
0.029011 
0.029044 
0.029077 
0.029109 
0.029142 
0.029175 
0.029207 
0.029240 
0.029272 
0.029304 
0.029336 
0.029368 
0.029400 
0.029432 
0.029464 
0.029495 
0.029527 
0.029559 
0.029590 
0.029621 
0.029653 
0.029684 
0.029715 
0.029746 
0.029777 
0.029808 
0.029838 
0.029869 
0.029900 
0.029930 
0.029960 
0.029991 
0.030021 
0.030051 
0.030081 
0.030111 
0.030141 
0.030170 
0.030200 
0.030230 
0.030259 
0.030288 
0.030318 
0.030347 
0.030376 
0.030405 
0.030434 
0.030462 
0.030491 
0.030520 
0.030548 
0.030577 
0.030605 
0.030633 
0.030661 
0.030689 
0.030717 
0.030745 
0.030773 
0.030800 
0.030828 
0.030855 
0.030883 
0.030910 
0.030937 
0.030964 
0.030991 
0.031018 
0.031044 
0.031071 
0.031097 
0.031124 
0.031150 
0.031176 
0.031202 
0.031228 
0.031254 
0.031280 
0.031306 
0.031331 
0.031357 
0.031382 
0.031407 
0.031433 
0.031458 
0.031483 
0.031507 
0.031532 
0.031557 
0.031581 
0.031606 
0.031630 
0.031654 
0.031678 
0.031702 
0.031726 
0.031750 
0.031773 
0.031797 
0.031820 
0.031844 
0.031867 
0.031890 
0.031913 
0.031936 
0.031959 
0.031981 
0.032004 
0.032026 
0.032048 
0.032071 
0.032093 
0.032115 
0.032136 
0.032158 
0.032180 
0.032201 
0.032223 
0.032244 
0.032265 
0.032286 
0.032307 
0.032328 
0.032349 
0.032369 
0.032390 
0.032410 
0.032430 
0.032450 
0.032470 
0.032490 
0.032510 
0.032530 
0.032549 
0.032569 
0.032588 
0.032607 
0.032626 
0.032645 
0.032664 
0.032683 
0.032701 
0.032720 
0.032738 
0.032756 
0.032774 
0.032792 
0.032810 
0.032828 
0.032845 
0.032863 
0.032880 
0.032897 
0.032914 
0.032931 
0.032948 
0.032965 
0.032982 
0.032998 
0.033015 
0.033031 
0.033047 
0.033063 
0.033079 
0.033094 
0.033110 
0.033126 
0.033141 
0.033156 
0.033171 
0.033186 
0.033201 
0.033216 
0.033230 
0.033245 
0.033259 
0.033274 
0.033288 
0.033302 
0.033315 
0.033329 
0.033343 
0.033356 
0.033369 
0.033383 
0.033396 
0.033409 
0.033421 
0.033434 
0.033447 
0.033459 
0.033471 
0.033484 
0.033496 
0.033507 
0.033519 
0.033531 
0.033542 
0.033554 
0.033565 
0.033576 
0.033587 
0.033598 
0.033609 
0.033619 
0.033630 
0.033640 
0.033650 
0.033660 
0.033670 
0.033680 
0.033690 
0.033699 
0.033709 
0.033718 
0.033727 
0.033736 
0.033745 
0.033753 
0.033762 
0.033771 
0.033779 
0.033787 
0.033795 
0.033803 
0.033811 
0.033818 
0.033826 
0.033833 
0.033841 
0.033848 
0.033855 
0.033861 
0.033868 
0.033875 
0.033881 
0.033887 
0.033894 
0.033900 
0.033906 
0.033911 
0.033917 
0.033922 
0.033928 
0.033933 
0.033938 
0.033943 
0.033948 
0.033952 
0.033957 
0.033961 
0.033966 
0.033970 
0.033974 
0.033978 
0.033981 
0.033985 
0.033988 
0.033992 
0.033995 
0.033998 
0.034001 
0.034003 
0.034006 
0.034008 
0.034011 
0.034013 
0.034015 
0.034017 
0.034019 
0.034020 
0.034022 
0.034023 
0.034025 
0.034026 
0.034027 
0.034027 
0.034028 
0.034029 
0.034029 
0.034029 
0.034029 
0.034029 
0.034029 
0.034029 
0.034029 
0.034028 
0.034027 
0.034027 
0.034026 
0.034025 
0.034023 
0.034022 
0.034020 
0.034019 
0.034017 
0.034015 
0.034013 
0.034011 
0.034008 
0.034006 
0.034003 
0.034001 
0.033998 
0.033995 
0.033992 
0.033988 
0.033985 
0.033981 
0.033978 
0.033974 
0.033970 
0.033966 
0.033961 
0.033957 
0.033952 
0.033948 
0.033943 
0.033938 
0.033933 
0.033928 
0.033922 
0.033917 
0.033911 
0.033906 
0.033900 
0.033894 
0.033887 
0.033881 
0.033875 
0.033868 
0.033861 
0.033855 
0.033848 
0.033841 
0.033833 
0.033826 
0.033818 
0.033811 
0.033803 
0.033795 
0.033787 
0.033779 
0.033771 
0.033762 
0.033753 
0.033745 
0.033736 
0.033727 
0.033718 
0.033709 
0.033699 
0.033690 
0.033680 
0.033670 
0.033660 
0.033650 
0.033640 
0.033630 
0.033619 
0.033609 
0.033598 
0.033587 
0.033576 
0.033565 
0.033554 
0.033542 
0.033531 
0.033519 
0.033507 
0.033496 
0.033484 
0.033471 
0.033459 
0.033447 
0.033434 
0.033421 
0.033409 
0.033396 
0.033383 
0.033369 
0.033356 
0.033343 
0.033329 
0.033315 
0.033302 
0.033288 
0.033274 
0.033259 
0.033245 
0.033230 
0.033216 
0.033201 
0.033186 
0.033171 
0.033156 
0.033141 
0.033126 
0.033110 
0.033094 
0.033079 
0.033063 
0.033047 
0.033031 
0.033015 
0.032998 
0.032982 
0.032965 
0.032948 
0.032931 
0.032914 
0.032897 
0.032880 
0.032863 
0.032845 
0.032828 
0.032810 
0.032792 
0.032774 
0.032756 
0.032738 
0.032720 
0.032701 
0.032683 
0.032664 
0.032645 
0.032626 
0.032607 
0.032588 
0.032569 
0.032549 
0.032530 
0.032510 
0.032490 
0.032470 
0.032450 
0.032430 
0.032410 
0.032390 
0.032369 
0.032349 
0.032328 
0.032307 
0.032286 
0.032265 
0.032244 
0.032223 
0.032201 
0.032180 
0.032158 
0.032136 
0.032115 
0.032093 
0.032071 
0.032048 
0.032026 
0.032004 
0.031981 
0.031959 
0.031936 
0.031913 
0.031890 
0.031867 
0.031844 
0.031820 
0.031797 
0.031773 
0.031750 
0.031726 
0.031702 
0.031678 
0.031654 
0.031630 
0.031606 
0.031581 
0.031557 
0.031532 
0.031507 
0.031483 
0.031458 
0.031433 
0.031407 
0.031382 
0.031357 
0.031331 
0.031306 
0.031280 
0.031254 
0.031228 
0.031202 
0.031176 
0.031150 
0.031124 
0.031097 
0.031071 
0.031044 
0.031018 
0.030991 
0.030964 
0.030937 
0.030910 
0.030883 
0.030855 
0.030828 
0.030800 
0.030773 
0.030745 
0.030717 
0.030689 
0.030661 
0.030633 
0.030605 
0.030577 
0.030548 
0.030520 
0.030491 
0.030462 
0.030434 
0.030405 
0.030376 
0.030347 
0.030318 
0.030288 
0.030259 
0.030230 
0.030200 
0.030170 
0.030141 
0.030111 
0.030081 
0.030051 
0.030021 
0.029991 
0.029960 
0.029930 
0.029900 
0.029869 
0.029838 
0.029808 
0.029777 
0.029746 
0.029715 
0.029684 
0.029653 
0.029621 
0.029590 
0.029559 
0.029527 
0.029495 
0.029464 
0.029432 
0.029400 
0.029368 
0.029336 
0.029304 
0.029272 
0.029240 
0.029207 
0.029175 
0.029142 
0.029109 
0.029077 
0.029044 
0.029011 
0.028978 
0.028945 
0.028912 
0.028879 
0.028846 
0.028812 
0.028779 
0.028745 
0.028712 
0.028678 
0.028644 
0.028610 
0.028576 
0.028542 
0.028508 
0.028474 
0.028440 
0.028406 
0.028371 
0.028337 
0.028302 
0.028268 
0.028233 
0.028198 
0.028163 
0.028128 
0.028093 
0.028058 
0.028023 
0.027988 
0.027953 
0.027917 
0.027882 
0.027846 
0.027811 
0.027775 
0.027740 
0.027704 
0.027668 
0.027632 
0.027596 
0.027560 
0.027524 
0.027488 
0.027451 
0.027415 
0.027379 
0.027342 
0.027306 
0.027269 
0.027232 
0.027196 
0.027159 
0.027122 
0.027085 
0.027048 
0.027011 
0.026974 
0.026936 
0.026899 
0.026862 
0.026824 
0.026787 
0.026749 
0.026712 
0.026674 
0.026636 
0.026599 
0.026561 
0.026523 
0.026485 
0.026447 
0.026409 
0.026371 
0.026333 
0.026294 
0.026256 
0.026218 
0.026179 
0.026141 
0.026102 
0.026063 
0.026025 
0.025986 
0.025947 
0.025908 
0.025869 
0.025831 
0.025791 
0.025752 
0.025713 
0.025674 
0.025635 
0.025596 
0.025556 
0.025517 
0.025477 
0.025438 
0.025398 
0.025359 
0.025319 
0.025279 
0.025240 
0.025200 
0.025160 
0.025120 
0.025080 
0.025040 
0.025000 
0.024960 
0.024919 
0.024879 
0.024839 
0.024799 
0.024758 
0.024718 
0.024677 
0.024637 
0.024596 
0.024556 
0.024515 
0.024474 
0.024434 
0.024393 
0.024352 
0.024311 
0.024270 
0.024229 
0.024188 
0.024147 
0.024106 
0.024065 
0.024024 
0.023982 
0.023941 
0.023900 
0.023858 
0.023817 
0.023775 
0.023734 
0.023692 
0.023651 
0.023609 
0.023568 
0.023526 
0.023484 
0.023442 
0.023400 
0.023359 
0.023317 
0.023275 
0.023233 
0.023191 
0.023149 
0.023107 
0.023065 
0.023022 
0.022980 
0.022938 
0.022896 
0.022853 
0.022811 
0.022769 
0.022726 
0.022684 
0.022641 
0.022599 
0.022556 
0.022514 
0.022471 
0.022428 
0.022386 
0.022343 
0.022300 
0.022257 
0.022215 
0.022172 
0.022129 
0.022086 
0.022043 
0.022000 
0.021957 
0.021914 
0.021871 
0.021828 
0.021785 
0.021742 
0.021699 
0.021656 
0.021612 
0.021569 
0.021526 
0.021483 
0.021439 
0.021396 
0.021353 
0.021309 
0.021266 
0.021222 
0.021179 
0.021135 
0.021092 
0.021048 
0.021005 
0.020961 
0.020918 
0.020874 
0.020830 
0.020787 
0.020743 
0.020699 
0.020655 
0.020612 
0.020568 
0.020524 
0.020480 
0.020436 
0.020393 
0.020349 
0.020305 
0.020261 
0.020217 
0.020173 
0.020129 
0.020085 
0.020041 
0.019997 
0.019953 
0.019909 
0.019865 
0.019821 
0.019777 
0.019733 
0.019689 
0.019645 
0.019600 
0.019556 
0.019512 
0.019468 
0.019424 
0.019380 
0.019335 
0.019291 
0.019247 
0.019203 
0.019158 
0.019114 
0.019070 
0.019026 
0.018981 
0.018937 
0.018893 
0.018848 
0.018804 
0.018760 
0.018715 
0.018671 
0.018627 
0.018582 
0.018538 
0.018494 
0.018449 
0.018405 
0.018361 
0.018316 
0.018272 
0.018227 
0.018183 
0.018139 
0.018094 
0.018050 
0.018006 
0.017961 
0.017917 
0.017872 
0.017828 
0.017784 
0.017739 
0.017695 
0.017650 
0.017606 
0.017562 
0.017517 
0.017473 
0.017428 
0.017384 
0.017340 
0.017295 
0.017251 
0.017206 
0.017162 
0.017118 
0.017073 
0.017029 
0.016985 
0.016940 
0.016896 
0.016852 
0.016807 
0.016763 
0.016719 
0.016675 
0.016630 
0.016586 
0.016542 
0.016498 
0.016453 
0.016409 
0.016365 
0.016321 
0.016276 
0.016232 
0.016188 
0.016144 
0.016100 
0.016056 
0.016012 
0.015968 
0.015923 
0.015879 
0.015835 
0.015791 
0.015747 
0.015703 
0.015659 
0.015615 
0.015571 
0.015528 
0.015484 
0.015440 
0.015396 
0.015352 
0.015308 
0.015264 
0.015221 
0.015177 
0.015133 
0.015089 
0.015046 
0.015002 
0.014958 
0.014915 
0.014871 
0.014828 
0.014784 
0.014741 
0.014697 
0.014654 
0.014610 
0.014567 
0.014523 
0.014480 
0.014437 
0.014393 
0.014350 
0.014307 
0.014264 
0.014221 
0.014177 
0.014134 
0.014091 
0.014048 
0.014005 
0.013962 
0.013919 
0.013876 
0.013833 
0.013791 
0.013748 
0.013705 
0.013662 
0.013620 
0.013577 
0.013534 
0.013492 
0.013449 
0.013407 
0.013364 
0.013322 
0.013279 
0.013237 
0.013195 
0.013152 
0.013110 
0.013068 
0.013026 
0.012984 
0.012942 
0.012900 
0.012858 
0.012816 
0.012774 
0.012732 
0.012690 
0.012648 
0.012607 
0.012565 
0.012523 
0.012482 
0.012440 
0.012399 
0.012358 
0.012316 
0.012275 
0.012234 
0.012192 
0.012151 
0.012110 
0.012069 
0.012028 
0.011987 
0.011946 
0.011905 
0.011865 
0.011824 
0.011783 
0.011743 
0.011702 
0.011662 
0.011621 
0.011581 
0.011541 
0.011500 
0.011460 
0.011420 
0.011380 
0.011340 
0.011300 
0.011260 
0.011220 
0.011180 
0.011141 
0.011101 
0.011061 
0.011022 
0.010982 
0.010943 
0.010904 
0.010865 
0.010825 
0.010786 
0.010747 
0.010708 
0.010669 
0.010630 
0.010592 
0.010553 
0.010514 
0.010476 
0.010437 
0.010399 
0.010361 
0.010322 
0.010284 
0.010246 
0.010208 
0.010170 
0.010132 
0.010094 
0.010056 
0.010019 
0.009981 
0.009944 
0.009906 
0.009869 
0.009832 
0.009794 
0.009757 
0.009720 
0.009683 
0.009646 
0.009610 
0.009573 
0.009536 
0.009500 
0.009463 
0.009427 
0.009391 
0.009354 
0.009318 
0.009282 
0.009246 
0.009211 
0.009175 
0.009139 
0.009104 
0.009068 
0.009033 
0.008997 
0.008962 
0.008927 
0.008892 
0.008857 
0.008822 
0.008787 
0.008753 
0.008718 
0.008684 
0.008649 
0.008615 
0.008581 
0.008547 
0.008513 
0.008479 
0.008445 
0.008411 
0.008378 
0.008344 
0.008311 
0.008277 
0.008244 
0.008211 
0.008178 
0.008145 
0.008112 
0.008080 
0.008047 
0.008014 
0.007982 
0.007950 
0.007918 
0.007886 
0.007854 
0.007822 
0.007790 
0.007758 
0.007727 
0.007695 
0.007664 
0.007633 
0.007602 
0.007571 
0.007540 
0.007509 
0.007478 
0.007448 
0.007417 
0.007387 
0.007357 
0.007327 
0.007297 
0.007267 
0.007237 
0.007208 
0.007178 
0.007149 
0.007119 
0.007090 
0.007061 
0.007032 
0.007003 
0.006975 
0.006946 
0.006918 
0.006889 
0.006861 
0.006833 
0.006805 
0.006777 
0.006750 
0.006722 
0.006695 
0.006667 
0.006640 
0.006613 
0.006586 
0.006559 
0.006532 
0.006506 
0.006479 
0.006453 
0.006427 
0.006401 
0.006375 
0.006349 
0.006323 
0.006298 
0.006272 
0.006247 
0.006222 
0.006197 
0.006172 
0.006147 
0.006122 
0.006098 
0.006073 
0.006049 
0.006025 
0.006001 
0.005977 
0.005953 
0.005930 
0.005906 
0.005883 
0.005860 
0.005837 
0.005814 
0.005791 
0.005769 
0.005746 
0.005724 
0.005702 
0.005680 
0.005658 
0.005636 
0.005614 
0.005593 
0.005571 
0.005550 
0.005529 
0.005508 
0.005487 
0.005467 
0.005446 
0.005426 
0.005406 
0.005386 
0.005366 
0.005346 
0.005326 
0.005307 
0.005287 
0.005268 
0.005249 
0.005230 
0.005212 
0.005193 
0.005175 
0.005156 
0.005138 
0.005120 
0.005102 
0.005084 
0.005067 
0.005050 
0.005032 
0.005015 
0.004998 
0.004981 
0.004965 
0.004948 
0.004932 
0.004916 
0.004900 
0.004884 
0.004868 
0.004852 
0.004837 
0.004822 
0.004807 
0.004792 
0.004777 
0.004762 
0.004748 
0.004733 
0.004719 
0.004705 
0.004691 
0.004677 
0.004664 
0.004650 
0.004637 
0.004624 
0.004611 
0.004598 
0.004586 
0.004573 
0.004561 
0.004549 
0.004537 
0.004525 
0.004513 
0.004502 
0.004491 
0.004479 
0.004468 
0.004457 
0.004447 
0.004436 
0.004426 
0.004416 
0.004406 
0.004396 
0.004386 
0.004376 
0.004367 
0.004358 
0.004349 
0.004340 
0.004331 
0.004322 
0.004314 
0.004306 
0.004297 
0.004289 
0.004282 
0.004274 
0.004267 
0.004259 
0.004252 
0.004245 
0.004238 
0.004232 
0.004225 
0.004219 
0.004213 
0.004207 
0.004201 
0.004195 
0.004190 
0.004185 
0.004179 
0.004174 
0.004170 
0.004165 
0.004160 
0.004156 
0.004152 
0.004148 
0.004144 
0.004140 
0.004137 
0.004134 
0.004130 
0.004127 
0.004125 
0.004122 
0.004119 
0.004117 
0.004115 
0.004113 
0.004111 
0.004109 
0.004108 
0.004107 
0.004105 
0.004104 
0.004104 
0.004103 
0.004102 
0.004102 
0.004102 
