0.011606 
0.011636 
0.011696 
0.011787 
0.011907 
0.012057 
0.012237 
0.012447 
0.012685 
0.012953 
0.013249 
0.013574 
0.013926 
0.014307 
0.014714 
0.015149 
0.015609 
0.016095 
0.016607 
0.017144 
0.017704 
0.018289 
0.018896 
0.019526 
0.020178 
0.020851 
0.021545 
0.022258 
0.022991 
0.023743 
0.024512 
0.025299 
0.026102 
0.026921 
0.027755 
0.028604 
0.029467 
0.030342 
0.031231 
0.032130 
0.033041 
0.033963 
0.034894 
0.035834 
0.036783 
0.037739 
0.038703 
0.039673 
0.040650 
0.041631 
0.042618 
0.043608 
0.044602 
0.045600 
0.046600 
0.047601 
0.048605 
0.049609 
0.050613 
0.051618 
0.052622 
0.053625 
0.054626 
0.055626 
0.056623 
0.057617 
0.058608 
0.059595 
0.060578 
0.061556 
0.062530 
0.063497 
0.064459 
0.065415 
0.066364 
0.067306 
0.068240 
0.069166 
0.070084 
0.070993 
0.071893 
0.072784 
0.073664 
0.074534 
0.075393 
0.076240 
0.077076 
0.077900 
0.078711 
0.079510 
0.080295 
0.081066 
0.081822 
0.082564 
0.083291 
0.084003 
0.084698 
0.085377 
0.086039 
0.086683 
0.087310 
0.087919 
0.088510 
0.089081 
0.089633 
0.090166 
0.090678 
0.091170 
0.091641 
0.092091 
0.092519 
0.092925 
0.093310 
0.093671 
0.094010 
0.094326 
0.094619 
0.094888 
0.095134 
0.095355 
0.095553 
0.095726 
0.095874 
0.095998 
0.096098 
0.096172 
0.096222 
0.096247 
0.096247 
0.096222 
0.096172 
0.096098 
0.095998 
0.095874 
0.095726 
0.095553 
0.095355 
0.095134 
0.094888 
0.094619 
0.094326 
0.094010 
0.093671 
0.093310 
0.092925 
0.092519 
0.092091 
0.091641 
0.091170 
0.090678 
0.090166 
0.089633 
0.089081 
0.088510 
0.087919 
0.087310 
0.086683 
0.086039 
0.085377 
0.084698 
0.084003 
0.083291 
0.082564 
0.081822 
0.081066 
0.080295 
0.079510 
0.078711 
0.077900 
0.077076 
0.076240 
0.075393 
0.074534 
0.073664 
0.072784 
0.071893 
0.070993 
0.070084 
0.069166 
0.068240 
0.067306 
0.066364 
0.065415 
0.064459 
0.063497 
0.062530 
0.061556 
0.060578 
0.059595 
0.058608 
0.057617 
0.056623 
0.055626 
0.054626 
0.053625 
0.052622 
0.051618 
0.050613 
0.049609 
0.048605 
0.047601 
0.046600 
0.045600 
0.044602 
0.043608 
0.042618 
0.041631 
0.040650 
0.039673 
0.038703 
0.037739 
0.036783 
0.035834 
0.034894 
0.033963 
0.033041 
0.032130 
0.031231 
0.030342 
0.029467 
0.028604 
0.027755 
0.026921 
0.026102 
0.025299 
0.024512 
0.023743 
0.022991 
0.022258 
0.021545 
0.020851 
0.020178 
0.019526 
0.018896 
0.018289 
0.017704 
0.017144 
0.016607 
0.016095 
0.015609 
0.015149 
0.014714 
0.014307 
0.013926 
0.013574 
0.013249 
0.012953 
0.012685 
0.012447 
0.012237 
0.012057 
0.011907 
0.011787 
0.011696 
0.011636 
0.011606 
