0.001127 
0.001127 
0.001127 
0.001127 
0.001128 
0.001128 
0.001129 
0.001130 
0.001131 
0.001132 
0.001133 
0.001135 
0.001136 
0.001138 
0.001139 
0.001141 
0.001143 
0.001145 
0.001148 
0.001150 
0.001152 
0.001155 
0.001158 
0.001161 
0.001163 
0.001167 
0.001170 
0.001173 
0.001177 
0.001180 
0.001184 
0.001188 
0.001192 
0.001196 
0.001200 
0.001204 
0.001209 
0.001213 
0.001218 
0.001223 
0.001227 
0.001233 
0.001238 
0.001243 
0.001248 
0.001254 
0.001260 
0.001265 
0.001271 
0.001277 
0.001284 
0.001290 
0.001296 
0.001303 
0.001309 
0.001316 
0.001323 
0.001330 
0.001337 
0.001345 
0.001352 
0.001359 
0.001367 
0.001375 
0.001383 
0.001391 
0.001399 
0.001407 
0.001415 
0.001424 
0.001433 
0.001441 
0.001450 
0.001459 
0.001468 
0.001478 
0.001487 
0.001496 
0.001506 
0.001516 
0.001526 
0.001536 
0.001546 
0.001556 
0.001566 
0.001577 
0.001587 
0.001598 
0.001609 
0.001620 
0.001631 
0.001642 
0.001654 
0.001665 
0.001677 
0.001688 
0.001700 
0.001712 
0.001724 
0.001736 
0.001749 
0.001761 
0.001774 
0.001786 
0.001799 
0.001812 
0.001825 
0.001838 
0.001852 
0.001865 
0.001879 
0.001892 
0.001906 
0.001920 
0.001934 
0.001948 
0.001963 
0.001977 
0.001992 
0.002006 
0.002021 
0.002036 
0.002051 
0.002066 
0.002082 
0.002097 
0.002113 
0.002128 
0.002144 
0.002160 
0.002176 
0.002192 
0.002208 
0.002225 
0.002241 
0.002258 
0.002275 
0.002292 
0.002309 
0.002326 
0.002343 
0.002361 
0.002378 
0.002396 
0.002413 
0.002431 
0.002449 
0.002468 
0.002486 
0.002504 
0.002523 
0.002541 
0.002560 
0.002579 
0.002598 
0.002617 
0.002636 
0.002656 
0.002675 
0.002695 
0.002715 
0.002734 
0.002754 
0.002774 
0.002795 
0.002815 
0.002836 
0.002856 
0.002877 
0.002898 
0.002919 
0.002940 
0.002961 
0.002982 
0.003004 
0.003025 
0.003047 
0.003069 
0.003091 
0.003113 
0.003135 
0.003158 
0.003180 
0.003203 
0.003225 
0.003248 
0.003271 
0.003294 
0.003317 
0.003341 
0.003364 
0.003388 
0.003411 
0.003435 
0.003459 
0.003483 
0.003507 
0.003532 
0.003556 
0.003580 
0.003605 
0.003630 
0.003655 
0.003680 
0.003705 
0.003730 
0.003756 
0.003781 
0.003807 
0.003833 
0.003859 
0.003885 
0.003911 
0.003937 
0.003963 
0.003990 
0.004016 
0.004043 
0.004070 
0.004097 
0.004124 
0.004151 
0.004179 
0.004206 
0.004234 
0.004261 
0.004289 
0.004317 
0.004345 
0.004374 
0.004402 
0.004430 
0.004459 
0.004488 
0.004516 
0.004545 
0.004574 
0.004604 
0.004633 
0.004662 
0.004692 
0.004721 
0.004751 
0.004781 
0.004811 
0.004841 
0.004872 
0.004902 
0.004932 
0.004963 
0.004994 
0.005025 
0.005056 
0.005087 
0.005118 
0.005149 
0.005181 
0.005212 
0.005244 
0.005276 
0.005308 
0.005340 
0.005372 
0.005404 
0.005437 
0.005469 
0.005502 
0.005535 
0.005568 
0.005601 
0.005634 
0.005667 
0.005700 
0.005734 
0.005767 
0.005801 
0.005835 
0.005869 
0.005903 
0.005937 
0.005971 
0.006006 
0.006040 
0.006075 
0.006110 
0.006145 
0.006180 
0.006215 
0.006250 
0.006285 
0.006321 
0.006356 
0.006392 
0.006428 
0.006464 
0.006500 
0.006536 
0.006572 
0.006609 
0.006645 
0.006682 
0.006719 
0.006756 
0.006793 
0.006830 
0.006867 
0.006904 
0.006942 
0.006979 
0.007017 
0.007055 
0.007092 
0.007130 
0.007169 
0.007207 
0.007245 
0.007284 
0.007322 
0.007361 
0.007400 
0.007438 
0.007477 
0.007517 
0.007556 
0.007595 
0.007635 
0.007674 
0.007714 
0.007754 
0.007794 
0.007834 
0.007874 
0.007914 
0.007954 
0.007995 
0.008035 
0.008076 
0.008117 
0.008158 
0.008199 
0.008240 
0.008281 
0.008322 
0.008364 
0.008405 
0.008447 
0.008489 
0.008531 
0.008573 
0.008615 
0.008657 
0.008699 
0.008742 
0.008784 
0.008827 
0.008869 
0.008912 
0.008955 
0.008998 
0.009041 
0.009084 
0.009128 
0.009171 
0.009215 
0.009258 
0.009302 
0.009346 
0.009390 
0.009434 
0.009478 
0.009523 
0.009567 
0.009611 
0.009656 
0.009701 
0.009745 
0.009790 
0.009835 
0.009880 
0.009926 
0.009971 
0.010016 
0.010062 
0.010107 
0.010153 
0.010199 
0.010245 
0.010291 
0.010337 
0.010383 
0.010429 
0.010476 
0.010522 
0.010569 
0.010615 
0.010662 
0.010709 
0.010756 
0.010803 
0.010850 
0.010897 
0.010944 
0.010992 
0.011039 
0.011087 
0.011135 
0.011182 
0.011230 
0.011278 
0.011326 
0.011374 
0.011423 
0.011471 
0.011519 
0.011568 
0.011617 
0.011665 
0.011714 
0.011763 
0.011812 
0.011861 
0.011910 
0.011959 
0.012008 
0.012058 
0.012107 
0.012157 
0.012207 
0.012256 
0.012306 
0.012356 
0.012406 
0.012456 
0.012506 
0.012556 
0.012607 
0.012657 
0.012708 
0.012758 
0.012809 
0.012860 
0.012910 
0.012961 
0.013012 
0.013063 
0.013114 
0.013166 
0.013217 
0.013268 
0.013320 
0.013371 
0.013423 
0.013475 
0.013526 
0.013578 
0.013630 
0.013682 
0.013734 
0.013786 
0.013838 
0.013891 
0.013943 
0.013995 
0.014048 
0.014100 
0.014153 
0.014206 
0.014259 
0.014311 
0.014364 
0.014417 
0.014470 
0.014523 
0.014577 
0.014630 
0.014683 
0.014737 
0.014790 
0.014844 
0.014897 
0.014951 
0.015004 
0.015058 
0.015112 
0.015166 
0.015220 
0.015274 
0.015328 
0.015382 
0.015436 
0.015491 
0.015545 
0.015599 
0.015654 
0.015708 
0.015763 
0.015817 
0.015872 
0.015927 
0.015982 
0.016037 
0.016091 
0.016146 
0.016201 
0.016256 
0.016312 
0.016367 
0.016422 
0.016477 
0.016532 
0.016588 
0.016643 
0.016699 
0.016754 
0.016810 
0.016865 
0.016921 
0.016977 
0.017032 
0.017088 
0.017144 
0.017200 
0.017256 
0.017312 
0.017368 
0.017424 
0.017480 
0.017536 
0.017592 
0.017649 
0.017705 
0.017761 
0.017818 
0.017874 
0.017930 
0.017987 
0.018043 
0.018100 
0.018156 
0.018213 
0.018270 
0.018326 
0.018383 
0.018440 
0.018496 
0.018553 
0.018610 
0.018667 
0.018724 
0.018781 
0.018838 
0.018895 
0.018952 
0.019009 
0.019066 
0.019123 
0.019180 
0.019237 
0.019294 
0.019351 
0.019409 
0.019466 
0.019523 
0.019580 
0.019638 
0.019695 
0.019752 
0.019810 
0.019867 
0.019924 
0.019982 
0.020039 
0.020096 
0.020154 
0.020211 
0.020269 
0.020326 
0.020384 
0.020441 
0.020499 
0.020556 
0.020614 
0.020671 
0.020729 
0.020787 
0.020844 
0.020902 
0.020959 
0.021017 
0.021075 
0.021132 
0.021190 
0.021247 
0.021305 
0.021363 
0.021420 
0.021478 
0.021535 
0.021593 
0.021651 
0.021708 
0.021766 
0.021823 
0.021881 
0.021939 
0.021996 
0.022054 
0.022111 
0.022169 
0.022226 
0.022284 
0.022342 
0.022399 
0.022457 
0.022514 
0.022572 
0.022629 
0.022687 
0.022744 
0.022802 
0.022859 
0.022916 
0.022974 
0.023031 
0.023089 
0.023146 
0.023203 
0.023260 
0.023318 
0.023375 
0.023432 
0.023489 
0.023547 
0.023604 
0.023661 
0.023718 
0.023775 
0.023832 
0.023889 
0.023946 
0.024003 
0.024060 
0.024117 
0.024174 
0.024231 
0.024288 
0.024345 
0.024401 
0.024458 
0.024515 
0.024571 
0.024628 
0.024685 
0.024741 
0.024798 
0.024854 
0.024911 
0.024967 
0.025023 
0.025080 
0.025136 
0.025192 
0.025248 
0.025304 
0.025360 
0.025416 
0.025472 
0.025528 
0.025584 
0.025640 
0.025696 
0.025752 
0.025807 
0.025863 
0.025919 
0.025974 
0.026030 
0.026085 
0.026140 
0.026196 
0.026251 
0.026306 
0.026361 
0.026416 
0.026471 
0.026526 
0.026581 
0.026636 
0.026691 
0.026745 
0.026800 
0.026855 
0.026909 
0.026964 
0.027018 
0.027072 
0.027127 
0.027181 
0.027235 
0.027289 
0.027343 
0.027397 
0.027451 
0.027504 
0.027558 
0.027612 
0.027665 
0.027719 
0.027772 
0.027825 
0.027878 
0.027932 
0.027985 
0.028038 
0.028090 
0.028143 
0.028196 
0.028249 
0.028301 
0.028354 
0.028406 
0.028458 
0.028511 
0.028563 
0.028615 
0.028667 
0.028719 
0.028770 
0.028822 
0.028874 
0.028925 
0.028976 
0.029028 
0.029079 
0.029130 
0.029181 
0.029232 
0.029283 
0.029334 
0.029384 
0.029435 
0.029485 
0.029535 
0.029586 
0.029636 
0.029686 
0.029736 
0.029785 
0.029835 
0.029885 
0.029934 
0.029984 
0.030033 
0.030082 
0.030131 
0.030180 
0.030229 
0.030278 
0.030326 
0.030375 
0.030423 
0.030471 
0.030519 
0.030567 
0.030615 
0.030663 
0.030711 
0.030758 
0.030806 
0.030853 
0.030900 
0.030948 
0.030994 
0.031041 
0.031088 
0.031135 
0.031181 
0.031227 
0.031274 
0.031320 
0.031366 
0.031411 
0.031457 
0.031503 
0.031548 
0.031594 
0.031639 
0.031684 
0.031729 
0.031773 
0.031818 
0.031863 
0.031907 
0.031951 
0.031995 
0.032039 
0.032083 
0.032127 
0.032170 
0.032214 
0.032257 
0.032300 
0.032343 
0.032386 
0.032429 
0.032471 
0.032514 
0.032556 
0.032598 
0.032640 
0.032682 
0.032724 
0.032765 
0.032807 
0.032848 
0.032889 
0.032930 
0.032971 
0.033011 
0.033052 
0.033092 
0.033132 
0.033172 
0.033212 
0.033252 
0.033291 
0.033331 
0.033370 
0.033409 
0.033448 
0.033487 
0.033525 
0.033564 
0.033602 
0.033640 
0.033678 
0.033716 
0.033754 
0.033791 
0.033829 
0.033866 
0.033903 
0.033940 
0.033976 
0.034013 
0.034049 
0.034085 
0.034121 
0.034157 
0.034193 
0.034228 
0.034263 
0.034298 
0.034333 
0.034368 
0.034403 
0.034437 
0.034471 
0.034506 
0.034539 
0.034573 
0.034607 
0.034640 
0.034673 
0.034706 
0.034739 
0.034772 
0.034804 
0.034837 
0.034869 
0.034901 
0.034933 
0.034964 
0.034996 
0.035027 
0.035058 
0.035089 
0.035119 
0.035150 
0.035180 
0.035210 
0.035240 
0.035270 
0.035300 
0.035329 
0.035358 
0.035387 
0.035416 
0.035445 
0.035473 
0.035501 
0.035529 
0.035557 
0.035585 
0.035612 
0.035640 
0.035667 
0.035694 
0.035720 
0.035747 
0.035773 
0.035799 
0.035825 
0.035851 
0.035876 
0.035902 
0.035927 
0.035952 
0.035977 
0.036001 
0.036026 
0.036050 
0.036074 
0.036097 
0.036121 
0.036144 
0.036167 
0.036190 
0.036213 
0.036236 
0.036258 
0.036280 
0.036302 
0.036324 
0.036345 
0.036367 
0.036388 
0.036409 
0.036429 
0.036450 
0.036470 
0.036490 
0.036510 
0.036530 
0.036549 
0.036569 
0.036588 
0.036607 
0.036625 
0.036644 
0.036662 
0.036680 
0.036698 
0.036715 
0.036733 
0.036750 
0.036767 
0.036784 
0.036800 
0.036817 
0.036833 
0.036849 
0.036864 
0.036880 
0.036895 
0.036910 
0.036925 
0.036940 
0.036954 
0.036968 
0.036982 
0.036996 
0.037010 
0.037023 
0.037036 
0.037049 
0.037062 
0.037074 
0.037087 
0.037099 
0.037111 
0.037122 
0.037134 
0.037145 
0.037156 
0.037167 
0.037177 
0.037187 
0.037198 
0.037207 
0.037217 
0.037227 
0.037236 
0.037245 
0.037254 
0.037262 
0.037271 
0.037279 
0.037287 
0.037294 
0.037302 
0.037309 
0.037316 
0.037323 
0.037330 
0.037336 
0.037342 
0.037348 
0.037354 
0.037360 
0.037365 
0.037370 
0.037375 
0.037379 
0.037384 
0.037388 
0.037392 
0.037396 
0.037399 
0.037403 
0.037406 
0.037409 
0.037411 
0.037414 
0.037416 
0.037418 
0.037420 
0.037421 
0.037423 
0.037424 
0.037425 
0.037425 
0.037426 
0.037426 
0.037426 
0.037426 
0.037425 
0.037425 
0.037424 
0.037423 
0.037421 
0.037420 
0.037418 
0.037416 
0.037414 
0.037411 
0.037409 
0.037406 
0.037403 
0.037399 
0.037396 
0.037392 
0.037388 
0.037384 
0.037379 
0.037375 
0.037370 
0.037365 
0.037360 
0.037354 
0.037348 
0.037342 
0.037336 
0.037330 
0.037323 
0.037316 
0.037309 
0.037302 
0.037294 
0.037287 
0.037279 
0.037271 
0.037262 
0.037254 
0.037245 
0.037236 
0.037227 
0.037217 
0.037207 
0.037198 
0.037187 
0.037177 
0.037167 
0.037156 
0.037145 
0.037134 
0.037122 
0.037111 
0.037099 
0.037087 
0.037074 
0.037062 
0.037049 
0.037036 
0.037023 
0.037010 
0.036996 
0.036982 
0.036968 
0.036954 
0.036940 
0.036925 
0.036910 
0.036895 
0.036880 
0.036864 
0.036849 
0.036833 
0.036817 
0.036800 
0.036784 
0.036767 
0.036750 
0.036733 
0.036715 
0.036698 
0.036680 
0.036662 
0.036644 
0.036625 
0.036607 
0.036588 
0.036569 
0.036549 
0.036530 
0.036510 
0.036490 
0.036470 
0.036450 
0.036429 
0.036409 
0.036388 
0.036367 
0.036345 
0.036324 
0.036302 
0.036280 
0.036258 
0.036236 
0.036213 
0.036190 
0.036167 
0.036144 
0.036121 
0.036097 
0.036074 
0.036050 
0.036026 
0.036001 
0.035977 
0.035952 
0.035927 
0.035902 
0.035876 
0.035851 
0.035825 
0.035799 
0.035773 
0.035747 
0.035720 
0.035694 
0.035667 
0.035640 
0.035612 
0.035585 
0.035557 
0.035529 
0.035501 
0.035473 
0.035445 
0.035416 
0.035387 
0.035358 
0.035329 
0.035300 
0.035270 
0.035240 
0.035210 
0.035180 
0.035150 
0.035119 
0.035089 
0.035058 
0.035027 
0.034996 
0.034964 
0.034933 
0.034901 
0.034869 
0.034837 
0.034804 
0.034772 
0.034739 
0.034706 
0.034673 
0.034640 
0.034607 
0.034573 
0.034539 
0.034506 
0.034471 
0.034437 
0.034403 
0.034368 
0.034333 
0.034298 
0.034263 
0.034228 
0.034193 
0.034157 
0.034121 
0.034085 
0.034049 
0.034013 
0.033976 
0.033940 
0.033903 
0.033866 
0.033829 
0.033791 
0.033754 
0.033716 
0.033678 
0.033640 
0.033602 
0.033564 
0.033525 
0.033487 
0.033448 
0.033409 
0.033370 
0.033331 
0.033291 
0.033252 
0.033212 
0.033172 
0.033132 
0.033092 
0.033052 
0.033011 
0.032971 
0.032930 
0.032889 
0.032848 
0.032807 
0.032765 
0.032724 
0.032682 
0.032640 
0.032598 
0.032556 
0.032514 
0.032471 
0.032429 
0.032386 
0.032343 
0.032300 
0.032257 
0.032214 
0.032170 
0.032127 
0.032083 
0.032039 
0.031995 
0.031951 
0.031907 
0.031863 
0.031818 
0.031773 
0.031729 
0.031684 
0.031639 
0.031594 
0.031548 
0.031503 
0.031457 
0.031411 
0.031366 
0.031320 
0.031274 
0.031227 
0.031181 
0.031135 
0.031088 
0.031041 
0.030994 
0.030948 
0.030900 
0.030853 
0.030806 
0.030758 
0.030711 
0.030663 
0.030615 
0.030567 
0.030519 
0.030471 
0.030423 
0.030375 
0.030326 
0.030278 
0.030229 
0.030180 
0.030131 
0.030082 
0.030033 
0.029984 
0.029934 
0.029885 
0.029835 
0.029785 
0.029736 
0.029686 
0.029636 
0.029586 
0.029535 
0.029485 
0.029435 
0.029384 
0.029334 
0.029283 
0.029232 
0.029181 
0.029130 
0.029079 
0.029028 
0.028976 
0.028925 
0.028874 
0.028822 
0.028770 
0.028719 
0.028667 
0.028615 
0.028563 
0.028511 
0.028458 
0.028406 
0.028354 
0.028301 
0.028249 
0.028196 
0.028143 
0.028090 
0.028038 
0.027985 
0.027932 
0.027878 
0.027825 
0.027772 
0.027719 
0.027665 
0.027612 
0.027558 
0.027504 
0.027451 
0.027397 
0.027343 
0.027289 
0.027235 
0.027181 
0.027127 
0.027072 
0.027018 
0.026964 
0.026909 
0.026855 
0.026800 
0.026745 
0.026691 
0.026636 
0.026581 
0.026526 
0.026471 
0.026416 
0.026361 
0.026306 
0.026251 
0.026196 
0.026140 
0.026085 
0.026030 
0.025974 
0.025919 
0.025863 
0.025807 
0.025752 
0.025696 
0.025640 
0.025584 
0.025528 
0.025472 
0.025416 
0.025360 
0.025304 
0.025248 
0.025192 
0.025136 
0.025080 
0.025023 
0.024967 
0.024911 
0.024854 
0.024798 
0.024741 
0.024685 
0.024628 
0.024571 
0.024515 
0.024458 
0.024401 
0.024345 
0.024288 
0.024231 
0.024174 
0.024117 
0.024060 
0.024003 
0.023946 
0.023889 
0.023832 
0.023775 
0.023718 
0.023661 
0.023604 
0.023547 
0.023489 
0.023432 
0.023375 
0.023318 
0.023260 
0.023203 
0.023146 
0.023089 
0.023031 
0.022974 
0.022916 
0.022859 
0.022802 
0.022744 
0.022687 
0.022629 
0.022572 
0.022514 
0.022457 
0.022399 
0.022342 
0.022284 
0.022226 
0.022169 
0.022111 
0.022054 
0.021996 
0.021939 
0.021881 
0.021823 
0.021766 
0.021708 
0.021651 
0.021593 
0.021535 
0.021478 
0.021420 
0.021363 
0.021305 
0.021247 
0.021190 
0.021132 
0.021075 
0.021017 
0.020959 
0.020902 
0.020844 
0.020787 
0.020729 
0.020671 
0.020614 
0.020556 
0.020499 
0.020441 
0.020384 
0.020326 
0.020269 
0.020211 
0.020154 
0.020096 
0.020039 
0.019982 
0.019924 
0.019867 
0.019810 
0.019752 
0.019695 
0.019638 
0.019580 
0.019523 
0.019466 
0.019409 
0.019351 
0.019294 
0.019237 
0.019180 
0.019123 
0.019066 
0.019009 
0.018952 
0.018895 
0.018838 
0.018781 
0.018724 
0.018667 
0.018610 
0.018553 
0.018496 
0.018440 
0.018383 
0.018326 
0.018270 
0.018213 
0.018156 
0.018100 
0.018043 
0.017987 
0.017930 
0.017874 
0.017818 
0.017761 
0.017705 
0.017649 
0.017592 
0.017536 
0.017480 
0.017424 
0.017368 
0.017312 
0.017256 
0.017200 
0.017144 
0.017088 
0.017032 
0.016977 
0.016921 
0.016865 
0.016810 
0.016754 
0.016699 
0.016643 
0.016588 
0.016532 
0.016477 
0.016422 
0.016367 
0.016312 
0.016256 
0.016201 
0.016146 
0.016091 
0.016037 
0.015982 
0.015927 
0.015872 
0.015817 
0.015763 
0.015708 
0.015654 
0.015599 
0.015545 
0.015491 
0.015436 
0.015382 
0.015328 
0.015274 
0.015220 
0.015166 
0.015112 
0.015058 
0.015004 
0.014951 
0.014897 
0.014844 
0.014790 
0.014737 
0.014683 
0.014630 
0.014577 
0.014523 
0.014470 
0.014417 
0.014364 
0.014311 
0.014259 
0.014206 
0.014153 
0.014100 
0.014048 
0.013995 
0.013943 
0.013891 
0.013838 
0.013786 
0.013734 
0.013682 
0.013630 
0.013578 
0.013526 
0.013475 
0.013423 
0.013371 
0.013320 
0.013268 
0.013217 
0.013166 
0.013114 
0.013063 
0.013012 
0.012961 
0.012910 
0.012860 
0.012809 
0.012758 
0.012708 
0.012657 
0.012607 
0.012556 
0.012506 
0.012456 
0.012406 
0.012356 
0.012306 
0.012256 
0.012207 
0.012157 
0.012107 
0.012058 
0.012008 
0.011959 
0.011910 
0.011861 
0.011812 
0.011763 
0.011714 
0.011665 
0.011617 
0.011568 
0.011519 
0.011471 
0.011423 
0.011374 
0.011326 
0.011278 
0.011230 
0.011182 
0.011135 
0.011087 
0.011039 
0.010992 
0.010944 
0.010897 
0.010850 
0.010803 
0.010756 
0.010709 
0.010662 
0.010615 
0.010569 
0.010522 
0.010476 
0.010429 
0.010383 
0.010337 
0.010291 
0.010245 
0.010199 
0.010153 
0.010107 
0.010062 
0.010016 
0.009971 
0.009926 
0.009880 
0.009835 
0.009790 
0.009745 
0.009701 
0.009656 
0.009611 
0.009567 
0.009523 
0.009478 
0.009434 
0.009390 
0.009346 
0.009302 
0.009258 
0.009215 
0.009171 
0.009128 
0.009084 
0.009041 
0.008998 
0.008955 
0.008912 
0.008869 
0.008827 
0.008784 
0.008742 
0.008699 
0.008657 
0.008615 
0.008573 
0.008531 
0.008489 
0.008447 
0.008405 
0.008364 
0.008322 
0.008281 
0.008240 
0.008199 
0.008158 
0.008117 
0.008076 
0.008035 
0.007995 
0.007954 
0.007914 
0.007874 
0.007834 
0.007794 
0.007754 
0.007714 
0.007674 
0.007635 
0.007595 
0.007556 
0.007517 
0.007477 
0.007438 
0.007400 
0.007361 
0.007322 
0.007284 
0.007245 
0.007207 
0.007169 
0.007130 
0.007092 
0.007055 
0.007017 
0.006979 
0.006942 
0.006904 
0.006867 
0.006830 
0.006793 
0.006756 
0.006719 
0.006682 
0.006645 
0.006609 
0.006572 
0.006536 
0.006500 
0.006464 
0.006428 
0.006392 
0.006356 
0.006321 
0.006285 
0.006250 
0.006215 
0.006180 
0.006145 
0.006110 
0.006075 
0.006040 
0.006006 
0.005971 
0.005937 
0.005903 
0.005869 
0.005835 
0.005801 
0.005767 
0.005734 
0.005700 
0.005667 
0.005634 
0.005601 
0.005568 
0.005535 
0.005502 
0.005469 
0.005437 
0.005404 
0.005372 
0.005340 
0.005308 
0.005276 
0.005244 
0.005212 
0.005181 
0.005149 
0.005118 
0.005087 
0.005056 
0.005025 
0.004994 
0.004963 
0.004932 
0.004902 
0.004872 
0.004841 
0.004811 
0.004781 
0.004751 
0.004721 
0.004692 
0.004662 
0.004633 
0.004604 
0.004574 
0.004545 
0.004516 
0.004488 
0.004459 
0.004430 
0.004402 
0.004374 
0.004345 
0.004317 
0.004289 
0.004261 
0.004234 
0.004206 
0.004179 
0.004151 
0.004124 
0.004097 
0.004070 
0.004043 
0.004016 
0.003990 
0.003963 
0.003937 
0.003911 
0.003885 
0.003859 
0.003833 
0.003807 
0.003781 
0.003756 
0.003730 
0.003705 
0.003680 
0.003655 
0.003630 
0.003605 
0.003580 
0.003556 
0.003532 
0.003507 
0.003483 
0.003459 
0.003435 
0.003411 
0.003388 
0.003364 
0.003341 
0.003317 
0.003294 
0.003271 
0.003248 
0.003225 
0.003203 
0.003180 
0.003158 
0.003135 
0.003113 
0.003091 
0.003069 
0.003047 
0.003025 
0.003004 
0.002982 
0.002961 
0.002940 
0.002919 
0.002898 
0.002877 
0.002856 
0.002836 
0.002815 
0.002795 
0.002774 
0.002754 
0.002734 
0.002715 
0.002695 
0.002675 
0.002656 
0.002636 
0.002617 
0.002598 
0.002579 
0.002560 
0.002541 
0.002523 
0.002504 
0.002486 
0.002468 
0.002449 
0.002431 
0.002413 
0.002396 
0.002378 
0.002361 
0.002343 
0.002326 
0.002309 
0.002292 
0.002275 
0.002258 
0.002241 
0.002225 
0.002208 
0.002192 
0.002176 
0.002160 
0.002144 
0.002128 
0.002113 
0.002097 
0.002082 
0.002066 
0.002051 
0.002036 
0.002021 
0.002006 
0.001992 
0.001977 
0.001963 
0.001948 
0.001934 
0.001920 
0.001906 
0.001892 
0.001879 
0.001865 
0.001852 
0.001838 
0.001825 
0.001812 
0.001799 
0.001786 
0.001774 
0.001761 
0.001749 
0.001736 
0.001724 
0.001712 
0.001700 
0.001688 
0.001677 
0.001665 
0.001654 
0.001642 
0.001631 
0.001620 
0.001609 
0.001598 
0.001587 
0.001577 
0.001566 
0.001556 
0.001546 
0.001536 
0.001526 
0.001516 
0.001506 
0.001496 
0.001487 
0.001478 
0.001468 
0.001459 
0.001450 
0.001441 
0.001433 
0.001424 
0.001415 
0.001407 
0.001399 
0.001391 
0.001383 
0.001375 
0.001367 
0.001359 
0.001352 
0.001345 
0.001337 
0.001330 
0.001323 
0.001316 
0.001309 
0.001303 
0.001296 
0.001290 
0.001284 
0.001277 
0.001271 
0.001265 
0.001260 
0.001254 
0.001248 
0.001243 
0.001238 
0.001233 
0.001227 
0.001223 
0.001218 
0.001213 
0.001209 
0.001204 
0.001200 
0.001196 
0.001192 
0.001188 
0.001184 
0.001180 
0.001177 
0.001173 
0.001170 
0.001167 
0.001163 
0.001161 
0.001158 
0.001155 
0.001152 
0.001150 
0.001148 
0.001145 
0.001143 
0.001141 
0.001139 
0.001138 
0.001136 
0.001135 
0.001133 
0.001132 
0.001131 
0.001130 
0.001129 
0.001128 
0.001128 
0.001127 
0.001127 
0.001127 
0.001127 
