0.004516 
0.004542 
0.004592 
0.004667 
0.004768 
0.004893 
0.005044 
0.005220 
0.005420 
0.005645 
0.005895 
0.006170 
0.006469 
0.006793 
0.007141 
0.007513 
0.007910 
0.008330 
0.008774 
0.009241 
0.009732 
0.010247 
0.010784 
0.011344 
0.011927 
0.012532 
0.013159 
0.013809 
0.014480 
0.015172 
0.015886 
0.016621 
0.017376 
0.018152 
0.018947 
0.019763 
0.020597 
0.021451 
0.022324 
0.023215 
0.024124 
0.025051 
0.025994 
0.026955 
0.027932 
0.028925 
0.029934 
0.030958 
0.031997 
0.033050 
0.034116 
0.035196 
0.036289 
0.037394 
0.038510 
0.039638 
0.040776 
0.041924 
0.043082 
0.044249 
0.045424 
0.046606 
0.047796 
0.048992 
0.050193 
0.051400 
0.052611 
0.053825 
0.055043 
0.056262 
0.057483 
0.058705 
0.059927 
0.061148 
0.062367 
0.063584 
0.064798 
0.066007 
0.067212 
0.068412 
0.069604 
0.070790 
0.071967 
0.073136 
0.074294 
0.075442 
0.076578 
0.077702 
0.078812 
0.079908 
0.080990 
0.082055 
0.083104 
0.084135 
0.085148 
0.086141 
0.087114 
0.088067 
0.088997 
0.089906 
0.090791 
0.091651 
0.092487 
0.093298 
0.094082 
0.094839 
0.095569 
0.096270 
0.096943 
0.097585 
0.098198 
0.098780 
0.099330 
0.099849 
0.100335 
0.100789 
0.101209 
0.101596 
0.101949 
0.102267 
0.102551 
0.102800 
0.103014 
0.103193 
0.103336 
0.103443 
0.103515 
0.103551 
0.103551 
0.103515 
0.103443 
0.103336 
0.103193 
0.103014 
0.102800 
0.102551 
0.102267 
0.101949 
0.101596 
0.101209 
0.100789 
0.100335 
0.099849 
0.099330 
0.098780 
0.098198 
0.097585 
0.096943 
0.096270 
0.095569 
0.094839 
0.094082 
0.093298 
0.092487 
0.091651 
0.090791 
0.089906 
0.088997 
0.088067 
0.087114 
0.086141 
0.085148 
0.084135 
0.083104 
0.082055 
0.080990 
0.079908 
0.078812 
0.077702 
0.076578 
0.075442 
0.074294 
0.073136 
0.071967 
0.070790 
0.069604 
0.068412 
0.067212 
0.066007 
0.064798 
0.063584 
0.062367 
0.061148 
0.059927 
0.058705 
0.057483 
0.056262 
0.055043 
0.053825 
0.052611 
0.051400 
0.050193 
0.048992 
0.047796 
0.046606 
0.045424 
0.044249 
0.043082 
0.041924 
0.040776 
0.039638 
0.038510 
0.037394 
0.036289 
0.035196 
0.034116 
0.033050 
0.031997 
0.030958 
0.029934 
0.028925 
0.027932 
0.026955 
0.025994 
0.025051 
0.024124 
0.023215 
0.022324 
0.021451 
0.020597 
0.019763 
0.018947 
0.018152 
0.017376 
0.016621 
0.015886 
0.015172 
0.014480 
0.013809 
0.013159 
0.012532 
0.011927 
0.011344 
0.010784 
0.010247 
0.009732 
0.009241 
0.008774 
0.008330 
0.007910 
0.007513 
0.007141 
0.006793 
0.006469 
0.006170 
0.005895 
0.005645 
0.005420 
0.005220 
0.005044 
0.004893 
0.004768 
0.004667 
0.004592 
0.004542 
0.004516 
